0 9.984 173 246 150 277 38.600518131237564 true
0 9.968 183 239 161 263 32.55764119219941 true
0 9.952 193 232 169 258 35.38361202590826 true
0 9.936 204 225 176 254 40.311288741492746 true
0 9.92 215 220 182 250 44.598206241955516 true
0 9.904 227 215 194 246 45.27692569068709 true
0 9.888 239 210 203 244 49.51767361255979 true
0 9.872 251 207 216 242 49.49747468305833 true
0 9.856 263 204 242 236 38.27531841800928 true
0 9.84 275 202 258 233 35.35533905932738 true
0 9.824 288 201 271 230 33.61547262794322 true
0 9.808 300 200 282 228 33.28663395418648 true
0 9.792 312 201 296 226 29.68164415931166 true
0 9.776 325 202 303 226 32.55764119219941 true
0 9.76 337 204 312 226 33.301651610693426 true
0 9.744 349 207 324 226 31.400636936215164 true
0 9.728 361 210 334 228 32.449961479175904 true
0 9.712 373 215 346 230 30.886890422961002 true
0 9.696 385 220 354 230 32.57299494980466 true
0 9.68 396 225 362 230 34.36568055487916 true
0 9.664 407 232 370 232 37.0 true
0 9.648 417 239 378 236 39.11521443121589 true
0 9.632 427 246 386 240 41.43669871020132 true
0 9.616 436 255 395 246 41.97618372363071 true
0 9.6 445 264 406 256 39.81205847478876 true
0 9.584 454 273 420 271 34.058772731852805 true
0 9.568 461 283 429 282 32.01562118716424 true
0 9.552 468 293 438 297 30.265491900843113 true
0 9.536 475 304 442 306 33.06055050963308 true
0 9.52 480 315 445 316 35.014282800023196 true
0 9.504 485 327 449 330 36.124783736376884 true
0 9.488 490 339 454 346 36.6742416417845 true
0 9.472 493 351 462 366 34.438350715445125 true
0 9.456 496 363 468 378 31.76476034853718 true
0 9.44 498 375 474 390 28.30194339616981 true
0 9.424 499 388 477 398 24.166091947189145 true
0 9.408 500 400 479 407 22.135943621178654 true
0 9.392 501 412 483 413 18.027756377319946 true
0 9.376 502 425 486 423 16.1245154965971 true
0 9.36 504 437 492 435 12.165525060596439 true
0 9.344 507 449 494 442 14.7648230602334 true
0 9.328 510 461 496 446 20.518284528683193 true
0 9.312 515 473 497 450 29.206163733020468 true
0 9.296 520 485 500 457 34.40930106817051 true
0 9.28 525 496 502 462 41.048751503547585 true
0 9.264 532 507 504 466 49.64876634922564 true
0 9.248 539 517 508 475 52.20153254455275 false
0 9.232 546 527 510 480 59.20304046246274 false
0 9.216 555 536 511 484 68.11754546370561 false
0 9.2 564 545 516 495 69.31089380465383 false
0 9.184 573 554 519 504 73.59347797189639 false
0 9.168 583 561 523 514 76.21679604916491 false
0 9.152 593 568 527 522 80.44874144447506 false
0 9.136 604 575 535 536 79.25906888173743 false
0 9.12 615 580 550 546 73.35529974037323 false
0 9.104 627 585 559 552 75.58438992278762 false
0 9.088 639 590 569 556 77.82030583337487 false
0 9.072 651 593 574 557 85.0 false
0 9.056 663 596 576 557 95.34149149242423 false
0 9.04 675 598 579 557 104.38869670610895 false
0 9.024 688 599 594 555 103.78824596263297 false
0 9.008 700 600 616 555 95.29428104561154 false
0 8.991999999999999 712 599 668 555 62.22539674441618 false
0 8.975999999999999 725 598 699 555 50.24937810560445 false
0 8.959999999999999 737 596 734 554 42.1070065428546 true
0 8.943999999999999 749 593 747 553 40.049968789001575 true
0 8.927999999999999 761 590 758 550 40.11234224026316 true
0 8.911999999999999 773 585 771 549 36.05551275463989 true
0 8.895999999999999 785 580 789 542 38.2099463490856 true
0 8.879999999999999 796 575 798 538 37.05401462729781 true
0 8.863999999999999 807 568 806 534 34.0147027033899 true
0 8.847999999999999 817 561 812 532 29.427877939124322 true
0 8.831999999999999 827 554 819 530 25.298221281347036 true
0 8.815999999999999 836 545 822 527 22.80350850198276 true
0 8.799999999999999 845 536 826 524 22.47220505424423 true
0 8.783999999999999 854 527 831 519 24.351591323771842 true
0 8.767999999999999 861 517 844 506 20.248456731316587 true
0 8.751999999999999 868 507 854 496 17.804493814764857 true
0 8.735999999999999 875 496 862 489 14.7648230602334 true
0 8.719999999999999 880 485 867 481 13.601470508735444 true
0 8.703999999999999 885 473 870 473 15.0 true
0 8.687999999999999 890 461 874 460 16.0312195418814 true
0 8.671999999999999 893 449 878 452 15.297058540778355 true
0 8.655999999999999 896 437 882 444 15.652475842498529 true
0 8.639999999999999 898 425 886 438 17.69180601295413 true
0 8.623999999999999 899 412 890 425 15.811388300841896 true
0 8.607999999999999 900 400 895 414 14.866068747318506 true
0 8.591999999999999 899 388 902 399 11.40175425099138 true
0 8.575999999999999 898 375 907 383 12.041594578792296 true
0 8.559999999999999 896 363 914 366 18.24828759089466 true
0 8.543999999999999 893 351 921 342 29.410882339705484 true
0 8.527999999999999 890 339 923 330 34.20526275297414 true
0 8.511999999999999 885 327 924 319 39.81205847478876 true
0 8.495999999999999 880 315 924 310 44.28317965096906 true
0 8.479999999999999 875 304 924 298 49.36598018878993 true
0 8.463999999999999 868 293 920 277 54.405882034941776 false
0 8.447999999999999 861 283 914 262 57.0087712549569 false
0 8.431999999999999 854 273 908 251 58.309518948453004 false
0 8.415999999999999 845 264 901 242 60.166435825965294 false
0 8.399999999999999 836 255 895 233 62.96824596572466 false
0 8.383999999999999 827 246 892 228 67.446274915669 false
0 8.367999999999999 817 239 887 224 71.58910531638176 false
0 8.351999999999999 807 232 878 220 72.00694410957877 false
0 8.335999999999999 796 225 859 214 63.953107821277925 false
0 8.319999999999999 785 220 842 210 57.87054518492115 false
0 8.303999999999998 773 215 820 206 47.853944456021594 true
0 8.287999999999998 761 210 797 201 37.107950630558946 true
0 8.271999999999998 749 207 763 195 18.439088914585774 true
0 8.255999999999998 737 204 743 195 10.816653826391969 true
0 8.239999999999998 725 202 726 195 7.0710678118654755 true
0 8.223999999999998 712 201 711 198 3.1622776601683795 true
0 8.207999999999998 700 200 695 199 5.0990195135927845 true
0 8.191999999999998 688 201 686 201 2.0 true
0 8.175999999999998 675 202 673 204 2.8284271247461903 true
0 8.159999999999998 663 204 662 206 2.23606797749979 true
0 8.143999999999998 651 207 650 209 2.23606797749979 true
0 8.127999999999998 639 210 637 211 2.23606797749979 true
0 8.111999999999998 627 215 623 214 4.123105625617661 true
0 8.095999999999998 615 220 605 222 10.198039027185569 true
0 8.079999999999998 604 225 594 226 10.04987562112089 true
0 8.063999999999998 593 232 580 234 13.152946437965905 true
0 8.047999999999998 583 239 574 238 9.055385138137417 true
0 8.031999999999998 573 246 570 242 5.0 true
0 8.015999999999998 564 255 568 246 9.848857801796104 true
0 7.999999999999998 555 264 562 252 13.892443989449804 true
0 7.983999999999998 546 273 558 258 19.209372712298546 true
0 7.967999999999998 539 283 551 265 21.633307652783937 true
0 7.951999999999998 532 293 542 275 20.591260281974 true
0 7.935999999999998 525 304 528 290 14.317821063276353 true
0 7.919999999999998 520 315 518 299 16.1245154965971 true
0 7.903999999999998 515 327 508 312 16.55294535724685 true
0 7.887999999999998 510 339 495 326 19.849433241279208 true
0 7.871999999999998 507 351 483 342 25.632011235952593 true
0 7.855999999999998 504 363 466 362 38.01315561749642 true
0 7.839999999999998 502 375 458 374 44.01136216933077 true
0 7.823999999999998 501 388 450 386 51.03920062069938 false
0 7.807999999999998 500 400 445 402 55.036351623268054 false
0 7.791999999999998 499 412 438 414 61.032778078668514 false
0 7.775999999999998 498 425 433 426 65.00769185258002 false
0 7.759999999999998 496 437 428 438 68.00735254367721 false
0 7.743999999999998 493 449 422 456 71.34423592694787 false
0 7.727999999999998 490 461 417 468 73.33484846919642 false
0 7.711999999999998 485 473 412 477 73.10950690573696 false
0 7.695999999999998 480 485 406 486 74.00675644831355 false
0 7.679999999999998 475 496 401 496 74.0 false
0 7.663999999999998 468 507 395 510 73.06161783043132 false
0 7.647999999999998 461 517 392 516 69.00724599634447 false
0 7.631999999999998 454 527 389 522 65.19202405202648 false
0 7.615999999999998 445 536 385 527 60.67124524847005 false
0 7.599999999999998 436 545 380 535 56.88585061331157 false
0 7.583999999999998 427 554 378 538 51.54609587543949 false
0 7.567999999999998 417 561 376 542 45.18849411078001 true
0 7.551999999999998 407 568 374 546 39.66106403010388 true
0 7.535999999999998 396 575 371 550 35.35533905932738 true
0 7.519999999999998 385 580 369 554 30.528675044947494 true
0 7.503999999999998 373 585 367 555 30.59411708155671 true
0 7.487999999999998 361 590 367 557 33.54101966249684 true
0 7.471999999999998 349 593 366 558 38.91015291668744 true
0 7.455999999999998 337 596 365 559 46.400431032480725 true
0 7.439999999999998 325 598 363 561 53.03772242470448 false
0 7.423999999999998 312 599 363 562 63.00793600809346 false
0 7.407999999999998 300 600 359 562 70.178344238091 false
0 7.391999999999998 288 599 354 563 75.17978451685 false
0 7.375999999999998 275 598 346 564 78.7210264160726 false
0 7.359999999999998 263 596 334 564 77.87810988975015 false
0 7.343999999999998 251 593 316 564 71.17583859709698 false
0 7.327999999999998 239 590 295 564 61.741396161732524 false
0 7.311999999999998 227 585 260 561 40.80441152620633 true
0 7.295999999999998 215 580 242 558 34.828149534535996 true
0 7.279999999999998 204 575 228 554 31.89043743820395 true
0 7.263999999999998 193 568 217 549 30.610455730027933 true
0 7.2479999999999976 183 561 200 540 27.018512172212592 true
0 7.2319999999999975 173 554 190 534 26.248809496813376 true
0 7.2159999999999975 164 545 182 529 24.08318915758459 true
0 7.1999999999999975 155 536 172 522 22.02271554554524 true
0 7.1839999999999975 146 527 158 511 20.0 true
0 7.1679999999999975 139 517 148 502 17.4928556845359 true
0 7.1519999999999975 132 507 140 493 16.1245154965971 true
0 7.1359999999999975 125 496 134 484 15.0 true
0 7.119999999999997 120 485 129 470 17.4928556845359 true
0 7.103999999999997 115 473 127 462 16.278820596099706 true
0 7.087999999999997 110 461 126 454 17.46424919657298 true
0 7.071999999999997 107 449 126 443 19.924858845171276 true
0 7.055999999999997 104 437 126 427 24.166091947189145 true
0 7.039999999999997 102 425 126 414 26.40075756488817 true
0 7.023999999999997 101 412 126 399 28.178005607210743 true
0 7.007999999999997 100 400 126 382 31.622776601683793 true
0 6.991999999999997 101 388 126 369 31.400636936215164 true
0 6.975999999999997 102 375 129 352 35.4682957019364 true
0 6.959999999999997 104 363 130 341 34.058772731852805 true
0 6.943999999999997 107 351 134 328 35.4682957019364 true
0 6.927999999999997 110 339 138 309 41.036569057366385 true
0 6.911999999999997 115 327 140 296 39.824615503479755 true
0 6.895999999999997 120 315 142 287 35.608987629529715 true
0 6.879999999999997 125 304 143 280 30.0 true
0 6.863999999999997 132 293 147 267 30.01666203960727 true
0 6.847999999999997 139 283 150 258 27.313000567495326 true
0 6.831999999999997 146 273 153 251 23.08679276123039 true
0 6.815999999999997 155 264 155 245 19.0 true
0 6.799999999999997 164 255 158 241 15.231546211727817 true
0 6.783999999999997 173 246 162 233 17.029386365926403 true
0 6.767999999999997 183 239 168 228 18.601075237738275 true
0 6.751999999999997 193 232 174 223 21.02379604162864 true
0 6.735999999999997 204 225 182 217 23.40939982143925 true
0 6.719999999999997 215 220 190 210 26.92582403567252 true
0 6.703999999999997 227 215 199 205 29.732137494637012 true
0 6.687999999999997 239 210 208 198 33.24154027718932 true
0 6.671999999999997 251 207 222 195 31.38470965295043 true
0 6.655999999999997 263 204 229 191 36.40054944640259 true
0 6.639999999999997 275 202 236 190 40.80441152620633 true
0 6.623999999999997 288 201 241 189 48.507731342539614 true
0 6.607999999999997 300 200 255 186 47.12748667179272 true
0 6.591999999999997 312 201 262 186 52.20153254455275 false
0 6.575999999999997 325 202 270 186 57.28001396647874 false
0 6.559999999999997 337 204 282 186 57.87054518492115 false
0 6.543999999999997 349 207 294 186 58.872744118140105 false
0 6.527999999999997 361 210 317 189 48.75448697299562 true
0 6.511999999999997 373 215 330 191 49.24428900898052 true
0 6.495999999999997 385 220 350 196 42.43819034784589 true
0 6.479999999999997 396 225 363 200 41.400483088968905 true
0 6.463999999999997 407 232 374 205 42.638011210655684 true
0 6.447999999999997 417 239 388 210 41.012193308819754 true
0 6.431999999999997 427 246 394 216 44.598206241955516 true
0 6.415999999999997 436 255 403 224 45.27692569068709 true
0 6.399999999999997 445 264 406 230 51.73973328110612 false
0 6.383999999999997 454 273 410 238 56.22277118748239 false
0 6.367999999999997 461 283 414 246 59.81638571495272 false
0 6.351999999999997 468 293 422 263 54.91812087098393 false
0 6.335999999999997 475 304 426 274 57.4543296888929 false
0 6.319999999999997 480 315 432 288 55.072679252057455 false
0 6.303999999999997 485 327 437 299 55.569775957799216 false
0 6.287999999999997 490 339 442 318 52.392747589718944 false
0 6.271999999999997 493 351 443 326 55.90169943749474 false
0 6.255999999999997 496 363 446 337 56.356011214421486 false
0 6.239999999999997 498 375 448 346 57.8013840664737 false
0 6.223999999999997 499 388 453 371 49.040799340956916 true
0 6.207999999999997 500 400 458 393 42.579337712087536 true
0 6.191999999999997 501 412 462 414 39.05124837953327 true
0 6.175999999999997 502 425 467 427 35.05709628591621 true
0 6.159999999999997 504 437 483 441 21.37755832643195 true
0 6.143999999999997 507 449 499 446 8.54400374531753 true
0 6.127999999999997 510 461 517 446 16.55294535724685 true
0 6.1119999999999965 515 473 538 441 39.408120990476064 true
0 6.0959999999999965 520 485 594 413 103.24727599312246 false
0 6.0799999999999965 525 496 638 383 159.80613254815975 false
0 6.0639999999999965 532 507 683 346 220.7306050369998 false
0 6.0479999999999965 539 517 729 297 290.68883707497264 false
0 6.0319999999999965 546 527 789 223 389.1850459614295 false
0 6.0159999999999965 555 536 814 190 432.20018509945135 false
0 5.9999999999999964 564 545 838 158 474.17823653137015 false
0 5.983999999999996 573 554 856 137 503.96230017730494 false
0 5.967999999999996 583 561 876 117 531.9633446018626 false
0 5.951999999999996 593 568 886 105 547.9215272281242 false
0 5.935999999999996 604 575 897 91 565.7782251023806 false
0 5.919999999999996 615 580 903 83 574.4153549479679 false
0 5.903999999999996 627 585 921 69 593.8787755089418 false
0 5.887999999999996 639 590 930 64 601.1297696837181 false
0 5.871999999999996 651 593 934 64 599.9416638307428 false
0 5.855999999999996 663 596 940 65 598.9073384088728 false
0 5.839999999999996 675 598 963 77 595.3024441407913 false
0 5.823999999999996 688 599 997 90 595.451089511137 false
0 9.984 173 246 866 428 716.5005233773385 false
0 9.968 183 239 866 428 708.6677641885512 false
0 9.952 193 232 866 428 700.960055923303 false
0 9.936 204 225 866 428 692.4254472504604 false
0 9.92 215 220 866 428 683.421539022586 false
0 9.904 227 215 866 428 673.5651416158648 false
0 9.888 239 210 866 428 663.8169928526988 false
0 9.872 251 207 866 428 653.5028691597306 false
0 9.856 263 204 866 428 643.2612222106973 false
0 9.84 275 202 866 428 632.7377023696312 false
0 9.824 288 201 866 428 620.9774553073565 false
0 9.808 300 200 866 428 610.1966896009843 false
0 9.792 312 201 866 428 598.7027643163175 false
0 9.776 325 202 866 428 586.3079395675961 false
0 9.76 337 204 866 428 574.4710610640017 false
0 9.744 349 207 866 428 562.2543908232287 false
0 9.728 361 210 866 428 550.0445436507847 false
0 9.712 373 215 866 428 537.0456218981773 false
0 9.696 385 220 866 428 524.0467536394058 false
0 9.68 396 225 866 428 511.9658191715537 false
0 9.664 407 232 866 428 499.09618311503846 false
0 9.648 417 239 866 428 487.1570588629503 false
0 9.632 427 246 866 428 475.2315225234959 false
0 9.616 436 255 866 428 463.4964940536228 false
0 9.6 445 264 866 428 451.81522772035913 false
0 9.584 454 273 866 428 440.192003562082 false
0 9.568 461 283 866 428 430.17438324474875 false
0 9.552 468 293 866 428 420.27253062744893 false
0 9.536 475 304 866 428 410.1914187303289 false
0 9.52 480 315 866 428 402.20019890596774 false
0 9.504 485 327 866 428 394.15986604422324 false
0 9.488 490 339 866 428 386.38969965567145 false
0 9.472 493 351 866 428 380.8648054100037 false
0 9.456 496 363 866 428 375.6660751252367 false
