이름:정재민순서:3
0 9.984 173 246 112 293 77.00649323271382 false
0 9.968 183 239 121 281 74.88658090739622 false
0 9.952 193 232 125 274 79.92496481075234 false
0 9.936 204 225 137 265 78.03204469959762 false
0 9.92 215 220 150 258 75.29276193632427 false
0 9.904 227 215 166 248 69.35416353759881 false
0 9.888 239 210 183 240 63.52952069707436 false
0 9.872 251 207 214 230 43.56604182158393 false
0 9.856 263 204 240 225 31.144823004794873 true
0 9.84 275 202 269 218 17.08800749063506 true
0 9.824 288 201 294 213 13.416407864998739 true
0 9.808 300 200 317 208 18.788294228055936 true
0 9.792 312 201 340 202 28.0178514522438 true
0 9.776 325 202 349 202 24.0 true
0 9.76 337 204 354 202 17.11724276862369 true
0 9.744 349 207 356 202 8.602325267042627 true
0 9.728 361 210 360 202 8.06225774829855 true
0 9.712 373 215 362 202 17.029386365926403 true
0 9.696 385 220 364 202 27.65863337187866 true
0 9.68 396 225 367 203 36.40054944640259 false
0 9.664 407 232 370 206 45.221676218380054 false
0 9.648 417 239 371 208 55.47071299343465 false
0 9.632 427 246 374 212 62.96824596572466 false
0 9.616 436 255 378 221 67.23094525588644 false
0 9.6 445 264 382 226 73.57309290766564 false
0 9.584 454 273 386 234 78.39005038906404 false
0 9.568 461 283 389 242 82.85529554590944 false
0 9.552 468 293 394 250 85.58621384311844 false
0 9.536 475 304 404 265 81.00617260431454 false
0 9.52 480 315 412 277 77.89736837660179 false
0 9.504 485 327 420 289 75.29276193632427 false
0 9.488 490 339 426 306 72.00694410957877 false
0 9.472 493 351 437 318 65.0 false
0 9.456 496 363 443 333 60.90155991434045 false
0 9.44 498 375 451 349 53.71219600798314 false
0 9.424 499 388 464 373 38.07886552931954 false
0 9.408 500 400 472 386 31.304951684997057 true
0 9.392 501 412 477 394 30.0 true
0 9.376 502 425 480 402 31.827660925679098 true
0 9.36 504 437 486 413 30.0 true
0 9.344 507 449 490 421 32.7566787083184 true
0 9.328 510 461 493 429 36.235341863986875 false
0 9.312 515 473 496 438 39.824615503479755 false
0 9.296 520 485 500 451 39.44616584663204 false
0 9.28 525 496 505 460 41.182520563948 false
0 9.264 532 507 508 468 45.79301256742124 false
0 9.248 539 517 515 484 40.80441152620633 false
0 9.232 546 527 520 496 40.45985664828782 false
0 9.216 555 536 525 509 40.36087214122113 false
0 9.2 564 545 529 519 43.60045871318328 false
0 9.184 573 554 534 528 46.87216658103186 false
0 9.168 583 561 538 541 49.24428900898052 false
0 9.152 593 568 542 547 55.154328932550705 false
0 9.136 604 575 546 552 62.39390995922599 false
0 9.12 615 580 550 557 68.9492567037528 false
0 9.104 627 585 555 561 75.8946638440411 false
0 9.088 639 590 562 564 81.27115109311545 false
0 9.072 651 593 570 569 84.48076704197234 false
0 9.056 663 596 581 575 84.64632301523794 false
0 9.04 675 598 602 583 74.52516353554684 false
0 9.024 688 599 617 587 72.00694410957877 false
0 9.008 700 600 632 590 68.73136110975832 false
0 8.991999999999999 712 599 642 590 70.57619995437555 false
0 8.975999999999999 725 598 652 591 73.33484846919642 false
0 8.959999999999999 737 596 665 593 72.06247289678588 false
0 8.943999999999999 749 593 674 593 75.0 false
0 8.927999999999999 761 590 687 593 74.06078584514209 false
0 8.911999999999999 773 585 701 593 72.44308110509934 false
0 8.895999999999999 785 580 722 589 63.63961030678928 false
0 8.879999999999999 796 575 738 586 59.033888572581766 false
0 8.863999999999999 807 568 757 584 52.49761899362675 false
0 8.847999999999999 817 561 774 581 47.4236228055175 false
0 8.831999999999999 827 554 792 578 42.43819034784589 false
0 8.815999999999999 836 545 814 570 33.301651610693426 true
0 8.799999999999999 845 536 827 566 34.9857113690718 true
0 8.783999999999999 854 527 837 560 37.12142238654117 false
0 8.767999999999999 861 517 846 551 37.16180835212409 false
0 8.751999999999999 868 507 851 544 40.718546143004666 false
0 8.735999999999999 875 496 857 538 45.69463863518345 false
0 8.719999999999999 880 485 862 528 46.61544808322666 false
0 8.703999999999999 885 473 871 510 39.56008088970496 false
0 8.687999999999999 890 461 876 495 36.76955262170047 false
0 8.671999999999999 893 449 880 478 31.78049716414141 true
0 8.655999999999999 896 437 885 462 27.313000567495326 true
0 8.639999999999999 898 425 890 436 13.601470508735444 true
0 8.623999999999999 899 412 894 417 7.0710678118654755 true
0 8.607999999999999 900 400 895 390 11.180339887498949 true
0 8.591999999999999 899 388 895 371 17.46424919657298 true
0 8.575999999999999 898 375 895 355 20.223748416156685 true
0 8.559999999999999 896 363 895 340 23.021728866442675 true
0 8.543999999999999 893 351 894 320 31.016124838541646 true
0 8.527999999999999 890 339 891 309 30.01666203960727 true
0 8.511999999999999 885 327 887 296 31.064449134018133 true
0 8.495999999999999 880 315 883 284 31.144823004794873 true
0 8.479999999999999 875 304 875 266 38.0 false
0 8.463999999999999 868 293 870 255 38.05259518088089 false
0 8.447999999999999 861 283 866 245 38.3275357934736 false
0 8.431999999999999 854 273 858 230 43.18564576337837 false
0 8.415999999999999 845 264 853 222 42.7551166528639 false
0 8.399999999999999 836 255 845 215 41.0 false
0 8.383999999999999 827 246 836 210 37.107950630558946 false
0 8.367999999999999 817 239 832 206 36.24913792078372 false
0 8.351999999999999 807 232 826 204 33.83784863137726 true
0 8.335999999999999 796 225 821 203 33.301651610693426 true
0 8.319999999999999 785 220 815 202 34.9857113690718 true
0 8.303999999999998 773 215 806 200 36.24913792078372 false
0 8.287999999999998 761 210 798 198 38.897300677553446 false
0 8.271999999999998 749 207 788 195 40.80441152620633 false
0 8.255999999999998 737 204 769 192 34.17601498127012 true
0 8.239999999999998 725 202 754 190 31.38470965295043 true
0 8.223999999999998 712 201 733 187 25.238858928247925 true
0 8.207999999999998 700 200 719 186 23.600847442411894 true
0 8.191999999999998 688 201 703 186 21.213203435596427 true
0 8.175999999999998 675 202 681 186 17.08800749063506 true
0 8.159999999999998 663 204 666 186 18.24828759089466 true
0 8.143999999999998 651 207 660 187 21.93171219946131 true
0 8.127999999999998 639 210 655 189 26.40075756488817 true
0 8.111999999999998 627 215 650 190 33.97057550292606 true
0 8.095999999999998 615 220 643 194 38.2099463490856 false
0 8.079999999999998 604 225 638 199 42.80186911806539 false
0 8.063999999999998 593 232 630 205 45.803929962395145 false
0 8.047999999999998 583 239 623 210 49.4064773081425 false
0 8.031999999999998 573 246 611 223 44.41846462902562 false
0 8.015999999999998 564 255 603 233 44.77722635447622 false
0 7.999999999999998 555 264 597 245 46.09772228646444 false
0 7.983999999999998 546 273 590 257 46.8187996428785 false
0 7.967999999999998 539 283 581 272 43.41658669218482 false
0 7.951999999999998 532 293 574 281 43.68065933568311 false
0 7.935999999999998 525 304 567 292 43.68065933568311 false
0 7.919999999999998 520 315 560 302 42.05948168962618 false
0 7.903999999999998 515 327 549 318 35.17101079013795 false
0 7.887999999999998 510 339 542 328 33.83784863137726 true
0 7.871999999999998 507 351 534 338 29.966648127543394 true
0 7.855999999999998 504 363 526 348 26.627053911388696 true
0 7.839999999999998 502 375 514 364 16.278820596099706 true
0 7.823999999999998 501 388 506 374 14.866068747318506 true
0 7.807999999999998 500 400 497 386 14.317821063276353 true
0 7.791999999999998 499 412 486 402 16.401219466856727 true
0 7.775999999999998 498 425 478 418 21.18962010041709 true
0 7.759999999999998 496 437 474 426 24.596747752497688 true
0 7.743999999999998 493 449 468 436 28.178005607210743 true
0 7.727999999999998 490 461 464 444 31.064449134018133 true
0 7.711999999999998 485 473 459 453 32.802438933713454 true
0 7.695999999999998 480 485 453 470 30.886890422961002 true
0 7.679999999999998 475 496 448 481 30.886890422961002 true
0 7.663999999999998 468 507 444 494 27.294688127912362 true
0 7.647999999999998 461 517 437 516 24.020824298928627 true
0 7.631999999999998 454 527 432 532 22.561028345356956 true
0 7.615999999999998 445 536 427 543 19.313207915827967 true
0 7.599999999999998 436 545 422 554 16.64331697709324 true
0 7.583999999999998 427 554 418 562 12.041594578792296 true
0 7.567999999999998 417 561 414 575 14.317821063276353 true
0 7.551999999999998 407 568 409 581 13.152946437965905 true
0 7.535999999999998 396 575 401 588 13.92838827718412 true
0 7.519999999999998 385 580 392 594 15.652475842498529 true
0 7.503999999999998 373 585 380 602 18.384776310850235 true
0 7.487999999999998 361 590 360 606 16.0312195418814 true
0 7.471999999999998 349 593 345 607 14.560219778561036 true
0 7.455999999999998 337 596 330 610 15.652475842498529 true
0 7.439999999999998 325 598 306 610 22.47220505424423 true
0 7.423999999999998 312 599 290 610 24.596747752497688 true
0 7.407999999999998 300 600 276 610 26.0 true
0 7.391999999999998 288 599 265 609 25.079872407968907 true
0 7.375999999999998 275 598 256 607 21.02379604162864 true
0 7.359999999999998 263 596 247 603 17.46424919657298 true
0 7.343999999999998 251 593 233 598 18.681541692269406 true
0 7.327999999999998 239 590 215 594 24.331050121192877 true
0 7.311999999999998 227 585 204 589 23.345235059857504 true
0 7.295999999999998 215 580 194 584 21.37755832643195 true
0 7.279999999999998 204 575 186 578 18.24828759089466 true
0 7.263999999999998 193 568 175 573 18.681541692269406 true
0 7.2479999999999976 183 561 170 569 15.264337522473747 true
0 7.2319999999999975 173 554 165 563 12.041594578792296 true
0 7.2159999999999975 164 545 159 556 12.083045973594572 true
0 7.1999999999999975 155 536 153 546 10.198039027185569 true
0 7.1839999999999975 146 527 148 539 12.165525060596439 true
0 7.1679999999999975 139 517 144 532 15.811388300841896 true
0 7.1519999999999975 132 507 137 518 12.083045973594572 true
0 7.1359999999999975 125 496 132 510 15.652475842498529 true
0 7.119999999999997 120 485 129 498 15.811388300841896 true
0 7.103999999999997 115 473 126 488 18.601075237738275 true
0 7.087999999999997 110 461 125 474 19.849433241279208 true
0 7.071999999999997 107 449 122 454 15.811388300841896 true
0 7.055999999999997 104 437 122 438 18.027756377319946 true
0 7.039999999999997 102 425 122 422 20.223748416156685 true
0 7.023999999999997 101 412 122 406 21.840329667841555 true
0 7.007999999999997 100 400 122 380 29.732137494637012 true
0 6.991999999999997 101 388 122 361 34.20526275297414 true
0 6.975999999999997 102 375 122 344 36.89173349139343 false
0 6.959999999999997 104 363 124 313 53.85164807134504 false
0 6.943999999999997 107 351 126 294 60.08327554319921 false
0 6.927999999999997 110 339 130 276 66.09841147864296 false
0 6.911999999999997 115 327 136 261 69.26037828369117 false
0 6.895999999999997 120 315 142 246 72.42237223399962 false
0 6.879999999999997 125 304 148 231 76.53757247260981 false
0 6.863999999999997 132 293 150 225 70.3420215802759 false
0 6.847999999999997 139 283 154 221 63.788713735268246 false
0 6.831999999999997 146 273 156 216 57.87054518492115 false
0 6.815999999999997 155 264 162 211 53.46026561849464 false
0 6.799999999999997 164 255 167 208 47.095647357266465 false
0 6.783999999999997 173 246 174 205 41.012193308819754 false
0 6.767999999999997 183 239 179 202 37.21558813185679 false
0 6.751999999999997 193 232 186 200 32.7566787083184 true
0 6.735999999999997 204 225 197 195 30.805843601498726 true
0 6.719999999999997 215 220 203 192 30.463092423455635 true
0 6.703999999999997 227 215 210 190 30.23243291566195 true
0 6.687999999999997 239 210 214 190 32.01562118716424 true
0 6.671999999999997 251 207 218 190 37.12142238654117 false
0 6.655999999999997 263 204 226 189 39.92492955535426 false
0 6.639999999999997 275 202 232 189 44.9221548904324 false
0 6.623999999999997 288 201 240 189 49.47726750741192 false
0 6.607999999999997 300 200 250 189 51.19570294468082 false
0 6.591999999999997 312 201 266 190 47.29693436154187 false
0 6.575999999999997 325 202 281 191 45.35416188179427 false
0 6.559999999999997 337 204 300 194 38.3275357934736 false
0 6.543999999999997 349 207 337 202 13.0 true
0 6.527999999999997 361 210 359 206 4.47213595499958 true
0 6.511999999999997 373 215 380 210 8.602325267042627 true
0 6.495999999999997 385 220 395 214 11.661903789690601 true
0 6.479999999999997 396 225 412 217 17.88854381999832 true
0 6.463999999999997 407 232 418 218 17.804493814764857 true
0 6.447999999999997 417 239 422 220 19.6468827043885 true
0 6.431999999999997 427 246 425 222 24.08318915758459 true
0 6.415999999999997 436 255 426 226 30.675723300355934 true
0 6.399999999999997 445 264 429 233 34.88552708502482 true
0 6.383999999999997 454 273 430 238 42.43819034784589 false
0 6.367999999999997 461 283 431 246 47.634021455258214 false
0 6.351999999999997 468 293 434 256 50.24937810560445 false
0 6.335999999999997 475 304 437 265 54.45181356024793 false
0 6.319999999999997 480 315 440 281 52.49761899362675 false
0 6.303999999999997 485 327 442 290 56.72741841473134 false
0 6.287999999999997 490 339 445 303 57.62811813689564 false
0 6.271999999999997 493 351 449 318 55.0 false
0 6.255999999999997 496 363 455 338 48.02082881417188 false
0 6.239999999999997 498 375 461 353 43.04648650006177 false
0 6.223999999999997 499 388 470 375 31.78049716414141 true
0 6.207999999999997 500 400 475 391 26.570660511172846 true
0 6.191999999999997 501 412 482 406 19.924858845171276 true
0 6.175999999999997 502 425 490 428 12.36931687685298 true
0 6.159999999999997 504 437 494 441 10.770329614269007 true
0 6.143999999999997 507 449 498 452 9.486832980505138 true
0 6.127999999999997 510 461 503 465 8.06225774829855 true
0 6.1119999999999965 515 473 510 484 12.083045973594572 true
0 6.0959999999999965 520 485 516 497 12.649110640673518 true
0 6.0799999999999965 525 496 522 511 15.297058540778355 true
0 6.0639999999999965 532 507 526 531 24.73863375370596 true
0 6.0479999999999965 539 517 534 544 27.459060435491963 true
0 6.0319999999999965 546 527 539 558 31.78049716414141 true
0 6.0159999999999965 555 536 545 571 36.40054944640259 false
0 5.9999999999999964 564 545 550 582 39.56008088970496 false
0 5.983999999999996 573 554 558 599 47.43416490252569 false
0 5.967999999999996 583 561 564 610 52.55473337388365 false
0 5.951999999999996 593 568 573 618 53.85164807134504 false
0 5.935999999999996 604 575 580 621 51.884487084291386 false
0 5.919999999999996 615 580 585 622 51.61395160225576 false
0 5.903999999999996 627 585 595 625 51.22499389946279 false
0 5.887999999999996 639 590 606 626 48.83646178829912 false
0 5.871999999999996 651 593 616 626 48.104053883222775 false
0 5.855999999999996 663 596 635 626 41.036569057366385 false
0 5.839999999999996 675 598 646 626 40.311288741492746 false
0 5.823999999999996 688 599 651 626 45.803929962395145 false
0 5.807999999999996 700 600 656 624 50.11985634456667 false
0 5.791999999999996 712 599 662 622 55.036351623268054 false
0 5.775999999999996 725 598 664 622 65.55150646628954 false
0 5.759999999999996 737 596 669 620 72.11102550927978 false
0 5.743999999999996 749 593 672 618 80.95677859203639 false
0 5.727999999999996 761 590 680 616 85.07055894961546 false
0 5.711999999999996 773 585 686 614 91.706052144883 false
0 5.695999999999996 785 580 698 612 92.69843580125827 false
0 5.679999999999996 796 575 706 610 96.56603957913983 false
0 5.663999999999996 807 568 713 608 102.15674231297707 false
0 5.647999999999996 817 561 722 604 104.27847332982968 false
0 5.631999999999996 827 554 734 601 104.20172743289815 false
0 5.615999999999996 836 545 746 594 102.47438704378767 false
0 5.599999999999996 845 536 762 586 96.89685237405806 false
0 5.583999999999996 854 527 786 574 82.66196223173026 false
0 5.567999999999996 861 517 801 564 76.21679604916491 false
0 5.551999999999996 868 507 814 554 71.58910531638176 false
0 5.535999999999996 875 496 826 542 67.20863039818622 false
0 5.519999999999996 880 485 840 522 54.48853090330111 false
0 5.503999999999996 885 473 848 509 51.62363799656123 false
0 5.487999999999996 890 461 854 494 48.83646178829912 false
0 5.471999999999996 893 449 861 480 44.553338819890925 false
0 5.455999999999996 896 437 866 456 35.510561809129406 false
0 5.439999999999996 898 425 872 440 30.01666203960727 true
0 5.423999999999996 899 412 876 422 25.079872407968907 true
0 5.407999999999996 900 400 879 406 21.840329667841555 true
0 5.391999999999996 899 388 881 389 18.027756377319946 true
0 5.375999999999996 898 375 883 370 15.811388300841896 true
0 5.359999999999996 896 363 883 356 14.7648230602334 true
0 5.343999999999996 893 351 883 343 12.806248474865697 true
0 5.327999999999996 890 339 883 324 16.55294535724685 true
0 5.311999999999996 885 327 883 314 13.152946437965905 true
0 5.295999999999996 880 315 883 304 11.40175425099138 true
0 5.279999999999996 875 304 883 292 14.422205101855956 true
0 5.263999999999996 868 293 882 286 15.652475842498529 true
0 5.247999999999996 861 283 880 278 19.6468827043885 true
0 5.231999999999996 854 273 877 268 23.53720459187964 true
0 5.215999999999996 845 264 874 261 29.154759474226502 true
0 5.199999999999996 836 255 869 252 33.13608305156178 true
0 5.183999999999996 827 246 856 238 30.083217912982647 true
0 5.167999999999996 817 239 847 227 32.31098884280702 true
0 5.151999999999996 807 232 838 217 34.438350715445125 true
0 5.135999999999996 796 225 830 209 37.57658845611187 false
0 5.119999999999996 785 220 820 201 39.824615503479755 false
0 5.103999999999996 773 215 802 192 37.013511046643494 false
0 5.087999999999996 761 210 790 187 37.013511046643494 false
0 5.071999999999996 749 207 778 182 38.28837943815329 false
0 5.055999999999996 737 204 764 179 36.796738985948195 false
0 5.039999999999996 725 202 747 176 34.058772731852805 true
0 5.023999999999996 712 201 724 173 30.463092423455635 true
0 5.007999999999996 700 200 708 172 29.120439557122072 true
0 4.9919999999999956 688 201 696 172 30.083217912982647 true
0 4.9759999999999955 675 202 685 172 31.622776601683793 true
0 4.9599999999999955 663 204 679 172 35.77708763999664 false
0 4.9439999999999955 651 207 675 172 42.43819034784589 false
0 4.9279999999999955 639 210 670 174 47.50789408087881 false
0 4.9119999999999955 627 215 665 177 53.74011537017761 false
0 4.8959999999999955 615 220 660 181 59.54829972383762 false
0 4.8799999999999955 604 225 654 185 64.03124237432849 false
0 4.863999999999995 593 232 648 189 69.81403870282824 false
0 4.847999999999995 583 239 643 193 75.6042326857432 false
0 4.831999999999995 573 246 634 199 77.00649323271382 false
0 4.815999999999995 564 255 629 203 83.24061508662703 false
0 4.799999999999995 555 264 622 209 86.68333173107735 false
0 4.783999999999995 546 273 615 214 90.78546139112804 false
0 4.767999999999995 539 283 603 224 87.04596486914255 false
0 4.751999999999995 532 293 594 230 88.3911760301898 false
0 4.735999999999995 525 304 585 239 88.45903006477066 false
0 4.719999999999995 520 315 579 250 87.78382538941898 false
0 4.703999999999995 515 327 570 267 81.39410298049853 false
0 4.687999999999995 510 339 562 278 80.15609770940699 false
0 4.671999999999995 507 351 557 287 81.21576201698781 false
0 4.655999999999995 504 363 551 297 81.02468759581859 false
0 4.639999999999995 502 375 546 310 78.49203781276162 false
0 4.623999999999995 501 388 534 319 76.48529270389177 false
0 4.607999999999995 500 400 529 330 75.76938695805846 false
0 4.591999999999995 499 412 520 344 71.16881339463234 false
0 4.575999999999995 498 425 514 354 72.78049189171504 false
0 4.559999999999995 496 437 509 366 72.18032973047436 false
0 4.543999999999995 493 449 503 376 73.68174807915459 false
0 4.527999999999995 490 461 494 391 70.11419257183242 false
0 4.511999999999995 485 473 489 400 73.10950690573696 false
0 4.495999999999995 480 485 485 410 75.16648189186454 false
0 4.479999999999995 475 496 482 426 70.34912934784623 false
0 4.463999999999995 468 507 474 439 68.26419266350405 false
0 4.447999999999995 461 517 468 455 62.39390995922599 false
0 4.431999999999995 454 527 458 479 48.16637831516918 false
0 4.415999999999995 445 536 453 494 42.7551166528639 false
0 4.399999999999995 436 545 449 509 38.27531841800928 false
0 4.383999999999995 427 554 443 523 34.88552708502482 true
0 4.367999999999995 417 561 438 542 28.319604517012593 true
0 4.351999999999995 407 568 433 550 31.622776601683793 true
0 4.335999999999995 396 575 429 560 36.24913792078372 false
0 4.319999999999995 385 580 423 566 40.496913462633174 false
0 4.303999999999995 373 585 417 573 45.60701700396552 false
0 4.287999999999995 361 590 406 582 45.70557952810576 false
0 4.271999999999995 349 593 400 586 51.478150704935004 false
0 4.255999999999995 337 596 390 590 53.33854141237835 false
0 4.239999999999995 325 598 378 595 53.08483775994799 false
0 4.223999999999995 312 599 367 597 55.036351623268054 false
0 4.207999999999995 300 600 356 598 56.0357029044876 false
0 4.191999999999995 288 599 342 598 54.00925846556311 false
0 4.175999999999995 275 598 322 598 47.0 false
0 4.159999999999995 263 596 311 596 48.0 false
0 4.143999999999995 251 593 298 594 47.01063709417264 false
0 4.127999999999995 239 590 289 592 50.039984012787215 false
0 4.111999999999995 227 585 275 587 48.041648597857254 false
0 4.095999999999995 215 580 266 584 51.15662224971465 false
0 4.079999999999995 204 575 256 580 52.23983154643591 false
0 4.063999999999995 193 568 243 575 50.48762224545735 false
0 4.047999999999995 183 561 224 567 41.43669871020132 false
0 4.031999999999995 173 554 214 562 41.773197148410844 false
0 4.015999999999995 164 545 206 557 43.68065933568311 false
0 3.9999999999999947 155 536 199 550 46.17358552246078 false
0 3.9839999999999947 146 527 189 545 46.61544808322666 false
0 3.9679999999999946 139 517 182 539 48.30113870293329 false
0 3.9519999999999946 132 507 178 534 53.33854141237835 false
0 3.9359999999999946 125 496 174 528 58.52349955359813 false
0 3.9199999999999946 120 485 168 518 58.249463516842795 false
0 3.9039999999999946 115 473 163 509 60.0 false
0 3.8879999999999946 110 461 158 498 60.60528029800704 false
0 3.8719999999999946 107 449 150 481 53.600373133029585 false
0 3.8559999999999945 104 437 146 468 52.20153254455275 false
0 3.8399999999999945 102 425 142 452 48.25971404805462 false
0 3.8239999999999945 101 412 137 429 39.81205847478876 false
0 3.8079999999999945 100 400 130 412 32.31098884280702 true
0 3.7919999999999945 101 388 127 395 26.92582403567252 true
0 3.7759999999999945 102 375 125 378 23.194827009486403 true
0 3.7599999999999945 104 363 122 350 22.20360331117452 true
0 3.7439999999999944 107 351 122 334 22.67156809750927 true
0 3.7279999999999944 110 339 123 318 24.698178070456937 true
0 3.7119999999999944 115 327 125 306 23.259406699226016 true
0 3.6959999999999944 120 315 127 294 22.135943621178654 true
0 3.6799999999999944 125 304 133 276 29.120439557122072 true
0 3.6639999999999944 132 293 135 267 26.1725046566048 true
0 3.6479999999999944 139 283 140 258 25.019992006393608 true
0 3.6319999999999943 146 273 146 250 23.0 true
0 3.6159999999999943 155 264 152 241 23.194827009486403 true
0 3.5999999999999943 164 255 156 234 22.47220505424423 true
0 3.5839999999999943 173 246 162 229 20.248456731316587 true
0 3.5679999999999943 183 239 170 225 19.1049731745428 true
0 3.5519999999999943 193 232 182 221 15.556349186104045 true
0 3.5359999999999943 204 225 194 216 13.45362404707371 true
0 3.5199999999999942 215 220 214 212 8.06225774829855 true
0 3.5039999999999942 227 215 226 210 5.0990195135927845 true
0 3.487999999999994 239 210 238 208 2.23606797749979 true
0 3.471999999999994 251 207 256 206 5.0990195135927845 true
0 3.455999999999994 263 204 272 206 9.219544457292887 true
0 3.439999999999994 275 202 288 206 13.601470508735444 true
0 3.423999999999994 288 201 306 206 18.681541692269406 true
0 3.407999999999994 300 200 334 206 34.52535300326414 true
0 3.391999999999994 312 201 354 206 42.2965719651132 false
0 3.375999999999994 325 202 374 210 49.64876634922564 false
0 3.359999999999994 337 204 387 212 50.635955604688654 false
0 3.343999999999994 349 207 398 214 49.49747468305833 false
0 3.327999999999994 361 210 410 218 49.64876634922564 false
0 3.311999999999994 373 215 415 221 42.42640687119285 false
0 3.295999999999994 385 220 421 224 36.22154055254967 false
0 3.279999999999994 396 225 426 229 30.265491900843113 true
0 3.263999999999994 407 232 434 235 27.16615541441225 true
0 3.247999999999994 417 239 444 247 28.160255680657446 true
0 3.231999999999994 427 246 450 257 25.495097567963924 true
0 3.215999999999994 436 255 455 265 21.470910553583888 true
0 3.199999999999994 445 264 459 273 16.64331697709324 true
0 3.183999999999994 454 273 463 282 12.727922061357855 true
0 3.167999999999994 461 283 467 295 13.416407864998739 true
0 3.151999999999994 468 293 470 305 12.165525060596439 true
0 3.135999999999994 475 304 473 317 13.152946437965905 true
0 3.119999999999994 480 315 473 334 20.248456731316587 true
0 3.103999999999994 485 327 473 346 22.47220505424423 true
0 3.087999999999994 490 339 473 358 25.495097567963924 true
0 3.071999999999994 493 351 474 376 31.400636936215164 true
0 3.055999999999994 496 363 478 387 30.0 true
0 3.039999999999994 498 375 479 402 33.015148038438355 true
0 3.023999999999994 499 388 485 415 30.4138126514911 true
0 3.007999999999994 500 400 490 439 40.26164427839479 false
0 2.9919999999999938 501 412 494 455 43.56604182158393 false
0 2.9759999999999938 502 425 498 472 47.16990566028302 false
0 2.9599999999999937 504 437 503 498 61.00819617067857 false
0 2.9439999999999937 507 449 508 516 67.00746227100382 false
0 2.9279999999999937 510 461 516 534 73.24616030891995 false
0 2.9119999999999937 515 473 526 559 86.70063436907483 false
0 2.8959999999999937 520 485 530 575 90.55385138137417 false
0 2.8799999999999937 525 496 535 588 92.5418824100742 false
0 2.8639999999999937 532 507 541 597 90.44888059008801 false
0 2.8479999999999936 539 517 546 606 89.27485648266257 false
0 2.8319999999999936 546 527 555 624 97.41663102366043 false
0 2.8159999999999936 555 536 569 631 96.0260381354974 false
0 2.7999999999999936 564 545 582 637 93.74433316206373 false
0 2.7839999999999936 573 554 597 642 91.21403400793103 false
0 2.7679999999999936 583 561 613 650 93.92017887546851 false
0 2.7519999999999936 593 568 632 650 90.80198235721508 false
0 2.7359999999999935 604 575 644 654 88.54942122905152 false
0 2.7199999999999935 615 580 651 657 85.0 false
0 2.7039999999999935 627 585 656 658 78.54934754662193 false
0 2.6879999999999935 639 590 662 658 71.78439941937245 false
0 2.6719999999999935 651 593 670 658 67.72001181334805 false
0 2.6559999999999935 663 596 678 658 63.788713735268246 false
0 2.6399999999999935 675 598 693 654 58.82176467941097 false
0 2.6239999999999934 688 599 705 653 56.61271941887264 false
0 2.6079999999999934 700 600 720 648 52.0 false
0 2.5919999999999934 712 599 731 642 47.01063709417264 false
0 2.5759999999999934 725 598 742 637 42.5440947723653 false
0 2.5599999999999934 737 596 748 633 38.600518131237564 false
0 2.5439999999999934 749 593 753 627 34.23448553724738 true
0 2.5279999999999934 761 590 758 618 28.160255680657446 true
0 2.5119999999999933 773 585 767 603 18.973665961010276 true
0 2.4959999999999933 785 580 773 592 16.97056274847714 true
0 2.4799999999999933 796 575 781 579 15.524174696260024 true
0 2.4639999999999933 807 568 788 558 21.470910553583888 true
0 2.4479999999999933 817 561 800 543 24.758836806279895 true
0 2.4319999999999933 827 554 809 526 33.28663395418648 true
0 2.4159999999999933 836 545 818 506 42.95346318982906 false
0 2.3999999999999932 845 536 823 482 58.309518948453004 false
0 2.3839999999999932 854 527 827 458 74.09453421137081 false
0 2.367999999999993 861 517 834 422 98.76234100101111 false
0 2.351999999999993 868 507 838 400 111.12605455067681 false
0 2.335999999999993 875 496 842 378 122.5275479229059 false
0 2.319999999999993 880 485 847 357 132.1854757528224 false
0 2.303999999999993 885 473 854 324 152.190669884852 false
0 2.287999999999993 890 461 857 305 159.45218719101973 false
0 2.271999999999993 893 449 860 289 163.36768346279504 false
0 2.255999999999993 896 437 864 271 169.0562036720333 false
0 2.239999999999993 898 425 864 265 163.5726138447387 false
0 2.223999999999993 899 412 864 258 157.9271984174987 false
0 2.207999999999993 900 400 864 250 154.2595215861893 false
0 2.191999999999993 899 388 862 236 156.43848631331102 false
0 2.175999999999993 898 375 859 226 154.0194792875239 false
0 2.159999999999993 896 363 855 218 150.68510211696443 false
0 2.143999999999993 893 351 850 204 153.16004700965587 false
0 2.127999999999993 890 339 845 194 151.82226450688975 false
0 2.111999999999993 885 327 839 186 148.3138563991915 false
0 2.095999999999993 880 315 834 177 145.46477236774544 false
0 2.079999999999993 875 304 825 166 146.77874505527018 false
0 2.063999999999993 868 293 816 157 145.60219778561037 false
0 2.047999999999993 861 283 805 149 145.23085071705668 false
0 2.031999999999993 854 273 792 143 144.02777509911067 false
0 2.015999999999993 845 264 770 134 150.08331019803634 false
0 1.999999999999993 836 255 754 127 152.0131573252789 false
0 1.9839999999999929 827 246 734 122 155.0 false
0 1.9679999999999929 817 239 724 121 150.2431362824938 false
0 1.9519999999999929 807 232 716 121 143.5339681051144 false
0 1.9359999999999928 796 225 706 121 137.53544997563355 false
0 1.9199999999999928 785 220 696 121 133.12400234367956 false
0 1.9039999999999928 773 215 675 121 135.79396157414365 false
0 1.8879999999999928 761 210 663 121 132.38202294873727 false
0 1.8719999999999928 749 207 647 123 132.13629327327143 false
0 1.8559999999999928 737 204 632 126 130.80137613954986 false
0 1.8399999999999928 725 202 614 132 131.2288078129189 false
0 1.8239999999999927 712 201 606 135 124.86793023030373 false
0 1.8079999999999927 700 200 598 139 118.84864324004712 false
0 1.7919999999999927 688 201 592 142 112.6809655620682 false
0 1.7759999999999927 675 202 583 147 107.18675291284833 false
0 1.7599999999999927 663 204 577 151 101.01980003939822 false
0 1.7439999999999927 651 207 570 155 96.25487000666512 false
0 1.7279999999999927 639 210 563 159 91.52595260361949 false
0 1.7119999999999926 627 215 554 168 86.82165628459296 false
0 1.6959999999999926 615 220 549 173 81.02468759581859 false
0 1.6799999999999926 604 225 545 178 75.43208866258443 false
0 1.6639999999999926 593 232 540 189 68.24954212300622 false
0 1.6479999999999926 583 239 537 198 61.61980201201558 false
0 1.6319999999999926 573 246 534 206 55.86591089385369 false
0 1.6159999999999926 564 255 530 220 48.79549159502341 false
0 1.5999999999999925 555 264 526 232 43.18564576337837 false
0 1.5839999999999925 546 273 525 243 36.61966684720111 false
0 1.5679999999999925 539 283 522 254 33.61547262794322 true
0 1.5519999999999925 532 293 517 268 29.154759474226502 true
0 1.5359999999999925 525 304 514 280 26.40075756488817 true
0 1.5199999999999925 520 315 511 290 26.570660511172846 true
0 1.5039999999999925 515 327 509 302 25.709920264364882 true
0 1.4879999999999924 510 339 504 321 18.973665961010276 true
0 1.4719999999999924 507 351 502 334 17.72004514666935 true
0 1.4559999999999924 504 363 499 349 14.866068747318506 true
0 1.4399999999999924 502 375 492 371 10.770329614269007 true
0 1.4239999999999924 501 388 489 387 12.041594578792296 true
0 1.4079999999999924 500 400 483 410 19.72308292331602 true
0 1.3919999999999924 499 412 479 427 25.0 true
0 1.3759999999999923 498 425 475 446 31.144823004794873 true
0 1.3599999999999923 496 437 472 459 32.55764119219941 true
0 1.3439999999999923 493 449 470 473 33.24154027718932 true
0 1.3279999999999923 490 461 466 493 40.0 false
0 1.3119999999999923 485 473 462 504 38.600518131237564 false
0 1.2959999999999923 480 485 455 516 39.824615503479755 false
0 1.2799999999999923 475 496 450 528 40.607881008493905 false
0 1.2639999999999922 468 507 443 541 42.20189569201838 false
0 1.2479999999999922 461 517 434 546 39.6232255123179 false
0 1.2319999999999922 454 527 426 552 37.53664875824692 false
0 1.2159999999999922 445 536 408 562 45.221676218380054 false
0 1.1999999999999922 436 545 392 565 48.33218389437829 false
0 1.1839999999999922 427 554 371 570 58.240879114244144 false
0 1.1679999999999922 417 561 350 574 68.24954212300622 false
0 1.1519999999999921 407 568 328 577 79.51100552753688 false
0 1.1359999999999921 396 575 298 577 98.02040603874276 false
0 1.1199999999999921 385 580 282 577 103.04368005850722 false
0 1.103999999999992 373 585 266 577 107.29864864013899 false
0 1.087999999999992 361 590 252 574 110.16805344563369 false
0 1.071999999999992 349 593 243 571 108.25894882179486 false
0 1.055999999999992 337 596 238 568 102.88342918079665 false
0 1.039999999999992 325 598 232 562 99.72462083156798 false
0 1.023999999999992 312 599 226 552 98.00510190801293 false
0 1.007999999999992 300 600 225 541 95.42536350467836 false
0 0.991999999999992 288 599 225 527 95.67131231461184 false
0 0.975999999999992 275 598 226 508 102.47438704378767 false
0 0.959999999999992 263 596 229 497 104.67568963231147 false
0 0.943999999999992 251 593 230 488 107.07940978544848 false
0 0.9279999999999919 239 590 232 480 110.22250223978767 false
0 0.9119999999999919 227 585 234 472 113.21660655575224 false
0 0.8959999999999919 215 580 235 464 117.71151175649729 false
0 0.8799999999999919 204 575 236 454 125.15989773086265 false
0 0.8639999999999919 193 568 238 446 130.034610777285 false
0 0.8479999999999919 183 561 239 438 135.14806694880988 false
0 0.8319999999999919 173 554 240 432 139.18692467326088 false
0 0.8159999999999918 164 545 242 427 141.4496376806954 false
0 0.7999999999999918 155 536 243 422 144.01388821915754 false
0 0.7839999999999918 146 527 244 419 145.83552379307312 false
0 0.7679999999999918 139 517 245 418 145.04137340772803 false
0 0.7519999999999918 132 507 246 414 147.12239802287073 false
0 0.7359999999999918 125 496 246 412 147.29901561110313 false
0 0.7199999999999918 120 485 246 410 146.63219291819925 false
0 0.7039999999999917 115 473 249 406 149.81655449248592 false
0 0.6879999999999917 110 461 252 405 152.64337522473747 false
0 0.6719999999999917 107 449 258 401 158.4455742518547 false
0 0.6559999999999917 104 437 262 398 162.74212730574712 false
0 0.6399999999999917 102 425 269 394 169.85287751463028 false
0 0.6239999999999917 101 412 283 390 183.3248482884958 false
0 0.6079999999999917 100 400 298 385 198.56736892047493 false
0 0.5919999999999916 101 388 316 382 215.08370463612533 false
0 0.5759999999999916 102 375 334 381 232.07757323791543 false
0 0.5599999999999916 104 363 363 381 259.6247291765559 false
0 0.5439999999999916 107 351 382 381 276.63152387246106 false
0 0.5279999999999916 110 339 400 381 293.025596151599 false
0 0.5119999999999916 115 327 426 381 315.65329081129505 false
0 0.49599999999999156 120 315 442 381 328.69438693108225 false
0 0.47999999999999154 125 304 455 381 338.864279616486 false
0 0.46399999999999153 132 293 465 380 344.1772799009255 false
0 0.4479999999999915 139 283 475 379 349.4452746854649 false
0 0.4319999999999915 146 273 478 378 348.20827101032506 false
0 0.4159999999999915 155 264 478 378 342.527371169079 false
0 0.3999999999999915 164 255 479 378 338.1626827430845 false
0 0.38399999999999146 173 246 479 378 333.2566578479716 false
0 0.36799999999999145 183 239 479 378 327.0122321871156 false
0 0.35199999999999143 193 232 479 378 321.1105728561425 false
0 0.3359999999999914 204 225 479 378 314.6966793596653 false
0 0.3199999999999914 215 220 479 378 307.66865293688926 false
0 0.3039999999999914 227 215 479 378 300.12164200537086 false
0 0.2879999999999914 239 210 479 378 292.9573347776089 false
0 0.27199999999999136 251 207 479 378 285.0 false
0 0.25599999999999135 263 204 479 378 277.36618395182927 false
0 0.23999999999999133 275 202 479 378 269.4290259047826 false
0 0.22399999999999132 288 201 479 378 260.4035330021465 false
0 0.2079999999999913 300 200 479 378 252.43811122728675 false
0 0.1919999999999913 312 201 479 378 243.34748817277733 false
0 0.17599999999999127 325 202 479 378 233.8632078801623 false
0 0.15999999999999126 337 204 479 378 224.58851261807672 false
0 0.14399999999999125 349 207 479 378 214.80456233516085 false
0 0.12799999999999123 361 210 479 378 205.2997808084558 false
0 0.11199999999999123 373 215 479 378 194.4350791395421 false
0 0.09599999999999123 385 220 479 378 183.84776310850236 false
0 0.07999999999999123 396 225 479 378 174.06320691059327 false
0 0.06399999999999123 407 232 479 378 162.78820596099706 false
0 0.04799999999999123 417 239 479 378 152.2005256232711 false
0 0.03199999999999123 427 246 479 378 141.8731828077456 false
0 0.01599999999999123 436 255 479 378 130.29965464267354 false
