1 0 9.984 407 568 419 562 13.416407864998739 true
1 0 9.968 404 570 417 563 14.7648230602334 true
1 0 9.952 401 572 414 566 14.317821063276353 true
1 0 9.936 399 573 410 566 13.038404810405298 true
1 0 9.92 396 575 408 568 13.892443989449804 true
1 0 9.904 393 576 405 570 13.416407864998739 true
1 0 9.888 390 578 402 571 13.892443989449804 true
1 0 9.872 387 579 401 572 15.652475842498529 true
1 0 9.856 385 580 399 574 15.231546211727817 true
1 0 9.84 382 582 398 574 17.88854381999832 true
1 0 9.824 379 583 394 576 16.55294535724685 true
1 0 9.808 376 584 391 578 16.15549442140351 true
1 0 9.792 373 585 388 578 16.55294535724685 true
1 0 9.776 370 587 386 579 17.88854381999832 true
1 0 9.76 367 588 382 582 16.15549442140351 true
1 0 9.744 364 589 378 583 15.231546211727817 true
1 0 9.728 361 590 375 584 15.231546211727817 true
1 0 9.712 358 591 372 585 15.231546211727817 true
1 0 9.696 355 592 370 586 16.15549442140351 true
1 0 9.68 352 592 366 586 15.231546211727817 true
1 0 9.664 349 593 363 587 15.231546211727817 true
1 0 9.648 346 594 362 587 17.46424919657298 true
1 0 9.632 343 595 356 589 14.317821063276353 true
1 0 9.616 340 595 352 590 13.0 true
1 0 9.6 337 596 349 590 13.416407864998739 true
1 0 9.584 334 597 346 591 13.416407864998739 true
1 0 9.568 331 597 344 592 13.92838827718412 true
1 0 9.552 328 598 342 592 15.231546211727817 true
1 0 9.536 325 598 342 593 17.72004514666935 true
1 0 9.52 321 598 339 593 18.681541692269406 true
1 0 9.504 318 599 338 593 20.8806130178211 true
1 0 9.488 315 599 336 594 21.587033144922902 true
1 0 9.472 312 599 335 594 23.53720459187964 true
1 0 9.456 309 599 331 595 22.360679774997898 true
1 0 9.44 306 599 328 595 22.360679774997898 true
1 0 9.424 303 599 325 596 22.20360331117452 true
1 0 9.408 300 600 322 597 22.20360331117452 true
1 0 9.392 297 599 320 597 23.08679276123039 true
1 0 9.376 294 599 318 598 24.020824298928627 true
1 0 9.36 291 599 316 598 25.019992006393608 true
1 0 9.344 288 599 313 598 25.019992006393608 true
1 0 9.328 285 599 306 600 21.02379604162864 true
1 0 9.312 282 599 302 600 20.024984394500787 true
1 0 9.296 279 598 298 600 19.1049731745428 true
1 0 9.28 275 598 290 600 15.132745950421556 true
1 0 9.264 272 598 286 600 14.142135623730951 true
1 0 9.248 269 597 282 600 13.341664064126334 true
1 0 9.232 266 597 280 600 14.317821063276353 true
1 0 9.216 263 596 278 600 15.524174696260024 true
1 0 9.2 260 595 274 600 14.866068747318506 true
1 0 9.184 257 595 269 600 13.0 true
1 0 9.168 254 594 266 600 13.416407864998739 true
1 0 9.152 251 593 262 600 13.038404810405298 true
1 0 9.136 248 592 260 600 14.422205101855956 true
1 0 9.12 245 592 258 600 15.264337522473747 true
1 0 9.104 242 591 254 599 14.422205101855956 true
1 0 9.088 239 590 251 598 14.422205101855956 true
1 0 9.072 236 589 250 598 16.64331697709324 true
1 0 9.056 233 588 246 598 16.401219466856727 true
1 0 9.04 230 587 243 597 16.401219466856727 true
1 0 9.024 227 585 242 595 18.027756377319946 true
1 0 9.008 224 584 239 594 18.027756377319946 true
1 0 8.991999999999999 221 583 238 594 20.248456731316587 true
1 0 8.975999999999999 218 582 235 592 19.72308292331602 true
1 0 8.959999999999999 215 580 234 591 21.95449840010015 true
1 0 8.943999999999999 213 579 230 590 20.248456731316587 true
1 0 8.927999999999999 210 578 228 588 20.591260281974 true
1 0 8.911999999999999 207 576 225 586 20.591260281974 true
1 0 8.895999999999999 204 575 222 585 20.591260281974 true
1 0 8.879999999999999 201 573 217 583 18.867962264113206 true
1 0 8.863999999999999 199 572 214 582 18.027756377319946 true
1 0 8.847999999999999 196 570 212 582 20.0 true
1 0 8.831999999999999 193 568 210 581 21.400934559032695 true
1 0 8.815999999999999 191 567 205 580 19.1049731745428 true
1 0 8.799999999999999 188 565 200 578 17.69180601295413 true
1 0 8.783999999999999 185 563 196 575 16.278820596099706 true
1 0 8.767999999999999 183 561 190 572 13.038404810405298 true
1 0 8.751999999999999 180 559 187 570 13.038404810405298 true
1 0 8.735999999999999 178 558 182 566 8.94427190999916 true
1 0 8.719999999999999 175 556 178 562 6.708203932499369 true
1 0 8.703999999999999 173 554 171 558 4.47213595499958 true
1 0 8.687999999999999 171 552 167 554 4.47213595499958 true
1 0 8.671999999999999 168 550 165 552 3.605551275463989 true
1 0 8.655999999999999 166 547 162 550 5.0 true
1 0 8.639999999999999 164 545 160 546 4.123105625617661 true
1 0 8.623999999999999 161 543 158 546 4.242640687119285 true
1 0 8.607999999999999 159 541 156 542 3.1622776601683795 true
1 0 8.591999999999999 157 539 154 542 4.242640687119285 true
1 0 8.575999999999999 155 536 152 540 5.0 true
1 0 8.559999999999999 153 534 152 539 5.0990195135927845 true
1 0 8.543999999999999 150 532 150 537 5.0 true
1 0 8.527999999999999 148 529 149 536 7.0710678118654755 true
1 0 8.511999999999999 146 527 148 534 7.280109889280518 true
1 0 8.495999999999999 144 525 147 532 7.615773105863909 true
1 0 8.479999999999999 142 522 145 528 6.708203932499369 true
1 0 8.463999999999999 141 520 144 526 6.708203932499369 true
1 0 8.447999999999999 139 517 142 524 7.615773105863909 true
1 0 8.431999999999999 137 515 141 521 7.211102550927978 true
1 0 8.415999999999999 135 512 138 518 6.708203932499369 true
1 0 8.399999999999999 133 509 136 514 5.830951894845301 true
1 0 8.383999999999999 132 507 134 507 2.0 true
1 0 8.367999999999999 130 504 130 504 0.0 true
1 0 8.351999999999999 128 501 129 500 1.4142135623730951 true
1 0 8.335999999999999 127 499 126 497 2.23606797749979 true
1 0 8.319999999999999 125 496 124 493 3.1622776601683795 true
1 0 8.303999999999998 124 493 122 490 3.605551275463989 true
1 0 8.287999999999998 122 490 120 488 2.8284271247461903 true
1 0 8.271999999999998 121 487 119 486 2.23606797749979 true
1 0 8.255999999999998 120 485 118 484 2.23606797749979 true
1 0 8.239999999999998 118 482 116 481 2.23606797749979 true
1 0 8.223999999999998 117 479 114 478 3.1622776601683795 true
1 0 8.207999999999998 116 476 112 475 4.123105625617661 true
1 0 8.191999999999998 115 473 110 474 5.0990195135927845 true
1 0 8.175999999999998 113 470 109 471 4.123105625617661 true
1 0 8.159999999999998 112 467 107 468 5.0990195135927845 true
1 0 8.143999999999998 111 464 106 466 5.385164807134504 true
1 0 8.127999999999998 110 461 106 465 5.656854249492381 true
1 0 8.111999999999998 109 458 105 462 5.656854249492381 true
1 0 8.095999999999998 108 455 103 460 7.0710678118654755 true
1 0 8.079999999999998 108 452 102 458 8.48528137423857 true
1 0 8.063999999999998 107 449 102 456 8.602325267042627 true
1 0 8.047999999999998 106 446 101 452 7.810249675906654 true
1 0 8.031999999999998 105 443 98 448 8.602325267042627 true
1 0 8.015999999999998 105 440 98 446 9.219544457292887 true
1 0 7.999999999999998 104 437 96 441 8.94427190999916 true
1 0 7.983999999999998 103 434 96 438 8.06225774829855 true
1 0 7.967999999999998 103 431 95 434 8.54400374531753 true
1 0 7.951999999999998 102 428 94 431 8.54400374531753 true
1 0 7.935999999999998 102 425 91 427 11.180339887498949 true
1 0 7.919999999999998 102 421 91 426 12.083045973594572 true
1 0 7.903999999999998 101 418 90 421 11.40175425099138 true
1 0 7.887999999999998 101 415 89 418 12.36931687685298 true
1 0 7.871999999999998 101 412 89 417 13.0 true
1 0 7.855999999999998 101 409 88 414 13.92838827718412 true
1 0 7.839999999999998 101 406 88 414 15.264337522473747 true
1 0 7.823999999999998 101 403 88 412 15.811388300841896 true
1 0 7.807999999999998 100 400 87 409 15.811388300841896 true
1 0 7.791999999999998 101 397 87 407 17.204650534085253 true
1 0 7.775999999999998 101 394 87 405 17.804493814764857 true
1 0 7.759999999999998 101 391 87 402 17.804493814764857 true
1 0 7.743999999999998 101 388 87 398 17.204650534085253 true
1 0 7.727999999999998 101 385 87 395 17.204650534085253 true
1 0 7.711999999999998 101 382 87 392 17.204650534085253 true
1 0 7.695999999999998 102 379 87 391 19.209372712298546 true
1 0 7.679999999999998 102 375 87 389 20.518284528683193 true
1 0 7.663999999999998 102 372 89 385 18.384776310850235 true
1 0 7.647999999999998 103 369 90 381 17.69180601295413 true
1 0 7.631999999999998 103 366 91 375 15.0 true
1 0 7.615999999999998 104 363 93 372 14.212670403551895 true
1 0 7.599999999999998 105 360 94 369 14.212670403551895 true
1 0 7.583999999999998 105 357 96 366 12.727922061357855 true
1 0 7.567999999999998 106 354 98 362 11.313708498984761 true
1 0 7.551999999999998 107 351 99 358 10.63014581273465 true
1 0 7.535999999999998 108 348 101 354 9.219544457292887 true
1 0 7.519999999999998 108 345 104 347 4.47213595499958 true
1 0 7.503999999999998 109 342 107 343 2.23606797749979 true
1 0 7.487999999999998 110 339 108 338 2.23606797749979 true
1 0 7.471999999999998 111 336 111 333 3.0 true
1 0 7.455999999999998 112 333 113 330 3.1622776601683795 true
1 0 7.439999999999998 113 330 114 326 4.123105625617661 true
1 0 7.423999999999998 115 327 115 324 3.0 true
1 0 7.407999999999998 116 324 117 322 2.23606797749979 true
1 0 7.391999999999998 117 321 118 319 2.23606797749979 true
1 0 7.375999999999998 118 318 119 318 1.0 true
1 0 7.359999999999998 120 315 121 318 3.1622776601683795 true
1 0 7.343999999999998 121 313 122 317 4.123105625617661 true
1 0 7.327999999999998 122 310 124 315 5.385164807134504 true
1 0 7.311999999999998 124 307 125 314 7.0710678118654755 true
1 0 7.295999999999998 125 304 126 311 7.0710678118654755 true
1 0 7.279999999999998 127 301 129 308 7.280109889280518 true
1 0 7.263999999999998 128 299 129 306 7.0710678118654755 true
1 0 7.2479999999999976 130 296 131 304 8.06225774829855 true
1 0 7.2319999999999975 132 293 134 301 8.246211251235321 true
1 0 7.2159999999999975 133 291 134 298 7.0710678118654755 true
1 0 7.1999999999999975 135 288 136 297 9.055385138137417 true
1 0 7.1839999999999975 137 285 138 294 9.055385138137417 true
1 0 7.1679999999999975 139 283 139 291 8.0 true
1 0 7.1519999999999975 141 280 140 289 9.055385138137417 true
1 0 7.1359999999999975 142 278 140 288 10.198039027185569 true
1 0 7.119999999999997 144 275 140 287 12.649110640673518 true
1 0 7.103999999999997 146 273 140 287 15.231546211727817 true
1 0 7.087999999999997 148 271 140 287 17.88854381999832 true
1 0 7.071999999999997 150 268 141 287 21.02379604162864 true
1 0 7.055999999999997 153 266 142 286 22.825424421026653 true
1 0 7.039999999999997 155 264 145 285 23.259406699226016 true
1 0 7.023999999999997 157 261 145 285 26.832815729997478 true
1 0 7.007999999999997 159 259 146 283 27.294688127912362 true
1 0 6.991999999999997 161 257 146 282 29.154759474226502 true
1 0 6.975999999999997 164 255 146 281 31.622776601683793 true
1 0 6.959999999999997 166 253 150 277 28.844410203711913 true
1 0 6.943999999999997 168 250 151 274 29.410882339705484 true
1 0 6.927999999999997 171 248 153 271 29.206163733020468 true
1 0 6.911999999999997 173 246 155 269 29.206163733020468 true
1 0 6.895999999999997 175 244 156 265 28.319604517012593 true
1 0 6.879999999999997 178 242 158 262 28.284271247461902 true
1 0 6.863999999999997 180 241 160 258 26.248809496813376 true
1 0 6.847999999999997 183 239 162 255 26.40075756488817 true
1 0 6.831999999999997 185 237 165 251 24.413111231467404 true
1 0 6.815999999999997 188 235 166 250 26.627053911388696 true
1 0 6.799999999999997 191 233 170 247 25.238858928247925 true
1 0 6.783999999999997 193 232 172 245 24.698178070456937 true
1 0 6.767999999999997 196 230 178 242 21.633307652783937 true
1 0 6.751999999999997 199 228 179 242 24.413111231467404 true
1 0 6.735999999999997 201 227 182 240 23.021728866442675 true
1 0 6.719999999999997 204 225 183 238 24.698178070456937 true
1 0 6.703999999999997 207 224 186 237 24.698178070456937 true
1 0 6.687999999999997 210 222 189 235 24.698178070456937 true
1 0 6.671999999999997 213 221 193 233 23.323807579381203 true
1 0 6.655999999999997 215 220 197 231 21.095023109728988 true
1 0 6.639999999999997 218 218 203 228 18.027756377319946 true
1 0 6.623999999999997 221 217 208 226 15.811388300841896 true
1 0 6.607999999999997 224 216 211 226 16.401219466856727 true
1 0 6.591999999999997 227 215 216 224 14.212670403551895 true
1 0 6.575999999999997 230 213 220 222 13.45362404707371 true
1 0 6.559999999999997 233 212 226 222 12.206555615733702 true
1 0 6.543999999999997 236 211 229 220 11.40175425099138 true
1 0 6.527999999999997 239 210 231 219 12.041594578792296 true
1 0 6.511999999999997 242 209 234 218 12.041594578792296 true
1 0 6.495999999999997 245 208 238 217 11.40175425099138 true
1 0 6.479999999999997 248 208 240 215 10.63014581273465 true
1 0 6.463999999999997 251 207 242 214 11.40175425099138 true
1 0 6.447999999999997 254 206 244 213 12.206555615733702 true
1 0 6.431999999999997 257 205 245 213 14.422205101855956 true
1 0 6.415999999999997 260 205 248 210 13.0 true
1 0 6.399999999999997 263 204 250 210 14.317821063276353 true
1 0 6.383999999999997 266 203 252 210 15.652475842498529 true
1 0 6.367999999999997 269 203 254 209 16.15549442140351 true
1 0 6.351999999999997 272 202 255 207 17.72004514666935 true
1 0 6.335999999999997 275 202 259 207 16.76305461424021 true
1 0 6.319999999999997 279 202 263 206 16.492422502470642 true
1 0 6.303999999999997 282 201 267 204 15.297058540778355 true
1 0 6.287999999999997 285 201 270 202 15.033296378372908 true
1 0 6.271999999999997 288 201 272 202 16.0312195418814 true
1 0 6.255999999999997 291 201 274 201 17.0 true
1 0 6.239999999999997 294 201 275 200 19.026297590440446 true
1 0 6.223999999999997 297 201 277 199 20.09975124224178 true
1 0 6.207999999999997 300 200 282 198 18.110770276274835 true
1 0 6.191999999999997 303 201 285 198 18.24828759089466 true
1 0 6.175999999999997 306 201 289 197 17.46424919657298 true
1 0 6.159999999999997 309 201 291 197 18.439088914585774 true
1 0 6.143999999999997 312 201 294 196 18.681541692269406 true
1 0 6.127999999999997 315 201 302 196 13.92838827718412 true
1 0 6.1119999999999965 318 201 314 197 5.656854249492381 true
1 0 6.0959999999999965 321 202 317 198 5.656854249492381 true
1 0 6.0799999999999965 325 202 319 198 7.211102550927978 true
1 0 6.0639999999999965 328 202 324 200 4.47213595499958 true
1 0 6.0479999999999965 331 203 326 202 5.0990195135927845 true
1 0 6.0319999999999965 334 203 330 202 4.123105625617661 true
1 0 6.0159999999999965 337 204 334 204 3.0 true
1 0 5.9999999999999964 340 205 338 206 2.23606797749979 true
1 0 5.983999999999996 343 205 340 206 3.1622776601683795 true
1 0 5.967999999999996 346 206 341 207 5.0990195135927845 true
1 0 5.951999999999996 349 207 344 209 5.385164807134504 true
1 0 5.935999999999996 352 208 345 209 7.0710678118654755 true
1 0 5.919999999999996 355 208 347 210 8.246211251235321 true
1 0 5.903999999999996 358 209 348 210 10.04987562112089 true
1 0 5.887999999999996 361 210 350 211 11.045361017187261 true
1 0 5.871999999999996 364 211 352 212 12.041594578792296 true
1 0 5.855999999999996 367 212 354 213 13.038404810405298 true
1 0 5.839999999999996 370 213 357 214 13.038404810405298 true
1 0 5.823999999999996 373 215 360 215 13.0 true
1 0 5.807999999999996 376 216 360 215 16.0312195418814 true
1 0 5.791999999999996 379 217 364 217 15.0 true
1 0 5.775999999999996 382 218 366 217 16.0312195418814 true
1 0 5.759999999999996 385 220 369 218 16.1245154965971 true
1 0 5.743999999999996 387 221 369 218 18.24828759089466 true
1 0 5.727999999999996 390 222 373 219 17.26267650163207 true
1 0 5.711999999999996 393 224 374 220 19.4164878389476 true
1 0 5.695999999999996 396 225 378 222 18.24828759089466 true
1 0 5.679999999999996 399 227 380 222 19.6468827043885 true
1 0 5.663999999999996 401 228 382 224 19.4164878389476 true
1 0 5.647999999999996 404 230 384 225 20.615528128088304 true
1 0 5.631999999999996 407 232 386 226 21.840329667841555 true
1 0 5.615999999999996 409 233 389 228 20.615528128088304 true
1 0 5.599999999999996 412 235 390 229 22.80350850198276 true
1 0 5.583999999999996 415 237 394 231 21.840329667841555 true
1 0 5.567999999999996 417 239 397 232 21.18962010041709 true
1 0 5.551999999999996 420 241 400 234 21.18962010041709 true
1 0 5.535999999999996 422 242 403 237 19.6468827043885 true
1 0 5.519999999999996 425 244 406 240 19.4164878389476 true
1 0 5.503999999999996 427 246 409 242 18.439088914585774 true
1 0 5.487999999999996 429 248 411 243 18.681541692269406 true
1 0 5.471999999999996 432 250 412 246 20.396078054371138 true
1 0 5.455999999999996 434 253 414 248 20.615528128088304 true
1 0 5.439999999999996 436 255 418 252 18.24828759089466 true
1 0 5.423999999999996 439 257 420 255 19.1049731745428 true
1 0 5.407999999999996 441 259 422 258 19.026297590440446 true
1 0 5.391999999999996 443 261 425 260 18.027756377319946 true
1 0 5.375999999999996 445 264 426 262 19.1049731745428 true
1 0 5.359999999999996 447 266 429 264 18.110770276274835 true
1 0 5.343999999999996 450 268 431 267 19.026297590440446 true
1 0 5.327999999999996 452 271 434 270 18.027756377319946 true
1 0 5.311999999999996 454 273 435 273 19.0 true
1 0 5.295999999999996 456 275 437 274 19.026297590440446 true
1 0 5.279999999999996 458 278 441 278 17.0 true
1 0 5.263999999999996 459 280 443 280 16.0 true
1 0 5.247999999999996 461 283 446 281 15.132745950421556 true
1 0 5.231999999999996 463 285 446 283 17.11724276862369 true
1 0 5.215999999999996 465 288 449 286 16.1245154965971 true
1 0 5.199999999999996 467 291 450 286 17.72004514666935 true
1 0 5.183999999999996 468 293 450 289 18.439088914585774 true
1 0 5.167999999999996 470 296 451 290 19.924858845171276 true
1 0 5.151999999999996 472 299 452 294 20.615528128088304 true
1 0 5.135999999999996 473 301 454 297 19.4164878389476 true
1 0 5.119999999999996 475 304 455 299 20.615528128088304 true
1 0 5.103999999999996 476 307 456 302 20.615528128088304 true
1 0 5.087999999999996 478 310 458 305 20.615528128088304 true
1 0 5.071999999999996 479 313 459 306 21.18962010041709 true
1 0 5.055999999999996 480 315 459 308 22.135943621178654 true
1 0 5.039999999999996 482 318 462 310 21.540659228538015 true
1 0 5.023999999999996 483 321 462 314 22.135943621178654 true
1 0 5.007999999999996 484 324 464 316 21.540659228538015 true
1 0 4.9919999999999956 485 327 466 321 19.924858845171276 true
1 0 4.9759999999999955 487 330 467 324 20.8806130178211 true
1 0 4.9599999999999955 488 333 469 328 19.6468827043885 true
1 0 4.9439999999999955 489 336 470 332 19.4164878389476 true
1 0 4.9279999999999955 490 339 471 335 19.4164878389476 true
1 0 4.9119999999999955 491 342 473 338 18.439088914585774 true
1 0 4.8959999999999955 492 345 474 342 18.24828759089466 true
1 0 4.8799999999999955 492 348 477 346 15.132745950421556 true
1 0 4.863999999999995 493 351 478 349 15.132745950421556 true
1 0 4.847999999999995 494 354 479 353 15.033296378372908 true
1 0 4.831999999999995 495 357 482 357 13.0 true
1 0 4.815999999999995 495 360 482 358 13.152946437965905 true
1 0 4.799999999999995 496 363 483 360 13.341664064126334 true
1 0 4.783999999999995 497 366 485 363 12.36931687685298 true
1 0 4.767999999999995 497 369 486 368 11.045361017187261 true
1 0 4.751999999999995 498 372 486 370 12.165525060596439 true
1 0 4.735999999999995 498 375 488 374 10.04987562112089 true
1 0 4.719999999999995 498 379 490 380 8.06225774829855 true
1 0 4.703999999999995 499 382 493 384 6.324555320336759 true
1 0 4.687999999999995 499 385 494 386 5.0990195135927845 true
1 0 4.671999999999995 499 388 494 388 5.0 true
1 0 4.655999999999995 499 391 495 390 4.123105625617661 true
1 0 4.639999999999995 499 394 496 391 4.242640687119285 true
1 0 4.623999999999995 499 397 496 393 5.0 true
1 0 4.607999999999995 500 400 496 394 7.211102550927978 true
1 0 4.591999999999995 501 403 497 395 8.94427190999916 true
1 0 4.575999999999995 501 406 497 397 9.848857801796104 true
1 0 4.559999999999995 501 409 498 399 10.44030650891055 true
1 0 4.543999999999995 501 412 498 404 8.54400374531753 true
1 0 4.527999999999995 501 415 499 406 9.219544457292887 true
1 0 4.511999999999995 501 418 499 409 9.219544457292887 true
1 0 4.495999999999995 502 421 499 413 8.54400374531753 true
1 0 4.479999999999995 502 425 499 415 10.44030650891055 true
1 0 4.463999999999995 502 428 499 417 11.40175425099138 true
1 0 4.447999999999995 503 431 499 418 13.601470508735444 true
1 0 4.431999999999995 503 434 499 420 14.560219778561036 true
1 0 4.415999999999995 504 437 499 426 12.083045973594572 true
1 0 4.399999999999995 505 440 499 430 11.661903789690601 true
1 0 4.383999999999995 505 443 499 434 10.816653826391969 true
1 0 4.367999999999995 506 446 499 438 10.63014581273465 true
1 0 4.351999999999995 507 449 499 440 12.041594578792296 true
1 0 4.335999999999995 508 452 499 442 13.45362404707371 true
1 0 4.319999999999995 508 455 499 444 14.212670403551895 true
1 0 4.303999999999995 509 458 499 449 13.45362404707371 true
1 0 4.287999999999995 510 461 499 452 14.212670403551895 true
1 0 4.271999999999995 511 464 500 456 13.601470508735444 true
1 0 4.255999999999995 512 467 500 457 15.620499351813308 true
1 0 4.239999999999995 513 470 500 460 16.401219466856727 true
1 0 4.223999999999995 515 473 500 462 18.601075237738275 true
1 0 4.207999999999995 516 476 500 462 21.2602916254693 true
1 0 4.191999999999995 517 479 500 465 22.02271554554524 true
1 0 4.175999999999995 518 482 502 470 20.0 true
1 0 4.159999999999995 520 485 504 474 19.4164878389476 true
1 0 4.143999999999995 521 487 505 477 18.867962264113206 true
1 0 4.127999999999995 522 490 506 480 18.867962264113206 true
1 0 4.111999999999995 524 493 509 486 16.55294535724685 true
1 0 4.095999999999995 525 496 511 489 15.652475842498529 true
1 0 4.079999999999995 527 499 513 494 14.866068747318506 true
1 0 4.063999999999995 528 501 516 499 12.165525060596439 true
1 0 4.047999999999995 530 504 518 502 12.165525060596439 true
1 0 4.031999999999995 532 507 520 506 12.041594578792296 true
1 0 4.015999999999995 533 509 521 511 12.165525060596439 true
1 0 3.9999999999999947 535 512 526 518 10.816653826391969 true
1 0 3.9839999999999947 537 515 530 526 13.038404810405298 true
1 0 3.9679999999999946 539 517 532 529 13.892443989449804 true
1 0 3.9519999999999946 541 520 534 531 13.038404810405298 true
1 0 3.9359999999999946 542 522 535 534 13.892443989449804 true
1 0 3.9199999999999946 544 525 537 537 13.892443989449804 true
1 0 3.9039999999999946 546 527 538 538 13.601470508735444 true
1 0 3.8879999999999946 548 529 540 540 13.601470508735444 true
1 0 3.8719999999999946 550 532 541 542 13.45362404707371 true
1 0 3.8559999999999945 553 534 542 542 13.601470508735444 true
1 0 3.8399999999999945 555 536 545 545 13.45362404707371 true
1 0 3.8239999999999945 557 539 546 546 13.038404810405298 true
1 0 3.8079999999999945 559 541 547 547 13.416407864998739 true
1 0 3.7919999999999945 561 543 550 549 12.529964086141668 true
1 0 3.7759999999999945 564 545 555 550 10.295630140987 true
1 0 3.7599999999999945 566 547 558 552 9.433981132056603 true
1 0 3.7439999999999944 568 550 561 554 8.06225774829855 true
1 0 3.7279999999999944 571 552 563 557 9.433981132056603 true
1 0 3.7119999999999944 573 554 567 558 7.211102550927978 true
1 0 3.6959999999999944 575 556 570 559 5.830951894845301 true
1 0 3.6799999999999944 578 558 572 561 6.708203932499369 true
1 0 3.6639999999999944 580 559 576 562 5.0 true
1 0 3.6479999999999944 583 561 578 564 5.830951894845301 true
1 0 3.6319999999999943 585 563 581 565 4.47213595499958 true
1 0 3.6159999999999943 588 565 582 567 6.324555320336759 true
1 0 3.5999999999999943 591 567 586 568 5.0990195135927845 true
1 0 3.5839999999999943 593 568 589 568 4.0 true
1 0 3.5679999999999943 596 570 590 570 6.0 true
1 0 3.5519999999999943 599 572 592 570 7.280109889280518 true
1 0 3.5359999999999943 601 573 594 571 7.280109889280518 true
1 0 3.5199999999999942 604 575 597 573 7.280109889280518 true
1 0 3.5039999999999942 607 576 600 576 7.0 true
1 0 3.487999999999994 610 578 604 578 6.0 true
1 0 3.471999999999994 613 579 610 582 4.242640687119285 true
1 0 3.455999999999994 615 580 615 585 5.0 true
1 0 3.439999999999994 618 582 619 587 5.0990195135927845 true
1 0 3.423999999999994 621 583 624 589 6.708203932499369 true
1 0 3.407999999999994 624 584 627 589 5.830951894845301 true
1 0 3.391999999999994 627 585 630 590 5.830951894845301 true
1 0 3.375999999999994 630 587 634 591 5.656854249492381 true
1 0 3.359999999999994 633 588 638 592 6.4031242374328485 true
1 0 3.343999999999994 636 589 642 593 7.211102550927978 true
1 0 3.327999999999994 639 590 646 593 7.615773105863909 true
1 0 3.311999999999994 642 591 649 593 7.280109889280518 true
1 0 3.295999999999994 645 592 652 594 7.280109889280518 true
1 0 3.279999999999994 648 592 657 595 9.486832980505138 true
1 0 3.263999999999994 651 593 661 595 10.198039027185569 true
1 0 3.247999999999994 654 594 663 595 9.055385138137417 true
1 0 3.231999999999994 657 595 666 596 9.055385138137417 true
1 0 3.215999999999994 660 595 670 597 10.198039027185569 true
1 0 3.199999999999994 663 596 672 597 9.055385138137417 true
1 0 3.183999999999994 666 597 675 597 9.0 true
1 0 3.167999999999994 669 597 680 597 11.0 true
1 0 3.151999999999994 672 598 682 597 10.04987562112089 true
1 0 3.135999999999994 675 598 686 597 11.045361017187261 true
1 0 3.119999999999994 679 598 687 597 8.06225774829855 true
1 0 3.103999999999994 682 599 690 597 8.246211251235321 true
1 0 3.087999999999994 685 599 690 597 5.385164807134504 true
1 0 3.071999999999994 688 599 690 597 2.8284271247461903 true
1 0 3.055999999999994 691 599 691 597 2.0 true
1 0 3.039999999999994 694 599 691 597 3.605551275463989 true
1 0 3.023999999999994 697 599 692 597 5.385164807134504 true
1 0 3.007999999999994 700 600 692 597 8.54400374531753 true
1 0 2.9919999999999938 703 599 692 597 11.180339887498949 true
1 0 2.9759999999999938 706 599 693 597 13.152946437965905 true
1 0 2.9599999999999937 709 599 694 597 15.132745950421556 true
1 0 2.9439999999999937 712 599 694 597 18.110770276274835 true
1 0 2.9279999999999937 715 599 695 597 20.09975124224178 true
1 0 2.9119999999999937 718 599 697 597 21.095023109728988 true
1 0 2.8959999999999937 721 598 700 597 21.02379604162864 true
1 0 2.8799999999999937 725 598 703 597 22.02271554554524 true
1 0 2.8639999999999937 728 598 706 597 22.02271554554524 true
1 0 2.8479999999999936 731 597 709 597 22.0 true
1 0 2.8319999999999936 734 597 713 597 21.0 true
1 0 2.8159999999999936 737 596 717 597 20.024984394500787 true
1 0 2.7999999999999936 740 595 721 597 19.1049731745428 true
1 0 2.7839999999999936 743 595 723 597 20.09975124224178 true
1 0 2.7679999999999936 746 594 726 597 20.223748416156685 true
1 0 2.7519999999999936 749 593 730 596 19.235384061671343 true
1 0 2.7359999999999935 752 592 738 595 14.317821063276353 true
1 0 2.7199999999999935 755 592 742 594 13.152946437965905 true
1 0 2.7039999999999935 758 591 746 592 12.041594578792296 true
1 0 2.6879999999999935 761 590 752 591 9.055385138137417 true
1 0 2.6719999999999935 764 589 756 590 8.06225774829855 true
1 0 2.6559999999999935 767 588 760 590 7.280109889280518 true
1 0 2.6399999999999935 770 587 766 588 4.123105625617661 true
1 0 2.6239999999999934 773 585 769 587 4.47213595499958 true
1 0 2.6079999999999934 776 584 773 586 3.605551275463989 true
1 0 2.5919999999999934 779 583 776 585 3.605551275463989 true
1 0 2.5759999999999934 782 582 778 583 4.123105625617661 true
1 0 2.5599999999999934 785 580 780 582 5.385164807134504 true
1 0 2.5439999999999934 787 579 783 581 4.47213595499958 true
1 0 2.5279999999999934 790 578 786 578 4.0 true
1 0 2.5119999999999933 793 576 790 576 3.0 true
1 0 2.4959999999999933 796 575 791 574 5.0990195135927845 true
1 0 2.4799999999999933 799 573 792 574 7.0710678118654755 true
1 0 2.4639999999999933 801 572 792 574 9.219544457292887 true
1 0 2.4479999999999933 804 570 794 573 10.44030650891055 true
1 0 2.4319999999999933 807 568 796 572 11.704699910719626 true
1 0 2.4159999999999933 809 567 798 571 11.704699910719626 true
1 0 2.3999999999999932 812 565 799 570 13.92838827718412 true
1 0 2.3839999999999932 815 563 802 566 13.341664064126334 true
1 0 2.367999999999993 817 561 806 565 11.704699910719626 true
1 0 2.351999999999993 820 559 810 562 10.44030650891055 true
1 0 2.335999999999993 822 558 819 558 3.0 true
1 0 2.319999999999993 825 556 826 556 1.0 true
1 0 2.303999999999993 827 554 832 554 5.0 true
1 0 2.287999999999993 829 552 838 550 9.219544457292887 true
1 0 2.271999999999993 832 550 843 546 11.704699910719626 true
1 0 2.255999999999993 834 547 848 542 14.866068747318506 true
1 0 2.239999999999993 836 545 850 538 15.652475842498529 true
1 0 2.223999999999993 839 543 854 534 17.4928556845359 true
1 0 2.207999999999993 841 541 856 531 18.027756377319946 true
1 0 2.191999999999993 843 539 857 530 16.64331697709324 true
1 0 2.175999999999993 845 536 858 529 14.7648230602334 true
1 0 2.159999999999993 847 534 858 527 13.038404810405298 true
1 0 2.143999999999993 850 532 858 526 10.0 true
1 0 2.127999999999993 852 529 859 524 8.602325267042627 true
1 0 2.111999999999993 854 527 861 520 9.899494936611665 true
1 0 2.095999999999993 856 525 862 518 9.219544457292887 true
1 0 2.079999999999993 858 522 863 515 8.602325267042627 true
1 0 2.063999999999993 859 520 866 510 12.206555615733702 true
1 0 2.047999999999993 861 517 866 507 11.180339887498949 true
1 0 2.031999999999993 863 515 867 503 12.649110640673518 true
1 0 2.015999999999993 865 512 869 499 13.601470508735444 true
1 0 1.999999999999993 867 509 869 498 11.180339887498949 true
1 0 1.9839999999999929 868 507 870 493 14.142135623730951 true
1 0 1.9679999999999929 870 504 871 489 15.033296378372908 true
1 0 1.9519999999999929 872 501 872 486 15.0 true
1 0 1.9359999999999928 873 499 873 484 15.0 true
1 0 1.9199999999999928 875 496 874 482 14.035668847618199 true
1 0 1.9039999999999928 876 493 874 478 15.132745950421556 true
1 0 1.8879999999999928 878 490 875 478 12.36931687685298 true
1 0 1.8719999999999928 879 487 877 471 16.1245154965971 true
1 0 1.8559999999999928 880 485 879 466 19.026297590440446 true
1 0 1.8399999999999928 882 482 882 463 19.0 true
1 0 1.8239999999999927 883 479 882 460 19.026297590440446 true
1 0 1.8079999999999927 884 476 884 458 18.0 true
1 0 1.7919999999999927 885 473 886 452 21.02379604162864 true
1 0 1.7759999999999927 887 470 889 449 21.095023109728988 true
1 0 1.7599999999999927 888 467 890 447 20.09975124224178 true
1 0 1.7439999999999927 889 464 890 446 18.027756377319946 true
1 0 1.7279999999999927 890 461 891 444 17.029386365926403 true
1 0 1.7119999999999926 891 458 892 441 17.029386365926403 true
1 0 1.6959999999999926 892 455 894 438 17.11724276862369 true
1 0 1.6799999999999926 892 452 894 438 14.142135623730951 true
1 0 1.6639999999999926 893 449 894 435 14.035668847618199 true
1 0 1.6479999999999926 894 446 894 435 11.0 true
1 0 1.6319999999999926 895 443 894 434 9.055385138137417 true
1 0 1.6159999999999926 895 440 894 433 7.0710678118654755 true
1 0 1.5999999999999925 896 437 894 431 6.324555320336759 true
1 0 1.5839999999999925 897 434 894 429 5.830951894845301 true
1 0 1.5679999999999925 897 431 894 427 5.0 true
1 0 1.5519999999999925 898 428 894 426 4.47213595499958 true
1 0 1.5359999999999925 898 425 894 421 5.656854249492381 true
1 0 1.5199999999999925 898 421 894 418 5.0 true
1 0 1.5039999999999925 899 418 894 414 6.4031242374328485 true
1 0 1.4879999999999924 899 415 894 410 7.0710678118654755 true
1 0 1.4719999999999924 899 412 894 407 7.0710678118654755 true
1 0 1.4559999999999924 899 409 894 398 12.083045973594572 true
1 0 1.4399999999999924 899 406 896 390 16.278820596099706 true
1 0 1.4239999999999924 899 403 898 383 20.024984394500787 true
1 0 1.4079999999999924 900 400 898 377 23.08679276123039 true
1 0 1.3919999999999924 899 397 900 370 27.018512172212592 true
1 0 1.3759999999999923 899 394 900 368 26.019223662515376 true
1 0 1.3599999999999923 899 391 900 366 25.019992006393608 true
1 0 1.3439999999999923 899 388 900 365 23.021728866442675 true
1 0 1.3279999999999923 899 385 900 364 21.02379604162864 true
1 0 1.3119999999999923 899 382 900 364 18.027756377319946 true
1 0 1.2959999999999923 898 379 900 363 16.1245154965971 true
1 0 1.2799999999999923 898 375 900 362 13.152946437965905 true
1 0 1.2639999999999922 898 372 900 362 10.198039027185569 true
1 0 1.2479999999999922 897 369 900 359 10.44030650891055 true
1 0 1.2319999999999922 897 366 900 358 8.54400374531753 true
1 0 1.2159999999999922 896 363 900 358 6.4031242374328485 true
1 0 1.1999999999999922 895 360 900 357 5.830951894845301 true
1 0 1.1839999999999922 895 357 900 355 5.385164807134504 true
1 0 1.1679999999999922 894 354 899 353 5.0990195135927845 true
1 0 1.1519999999999921 893 351 898 350 5.0990195135927845 true
1 0 1.1359999999999921 892 348 898 349 6.082762530298219 true
1 0 1.1199999999999921 892 345 897 346 5.0990195135927845 true
1 0 1.103999999999992 891 342 896 343 5.0990195135927845 true
1 0 1.087999999999992 890 339 894 342 5.0 true
1 0 1.071999999999992 889 336 894 338 5.385164807134504 true
1 0 1.055999999999992 888 333 892 334 4.123105625617661 true
1 0 1.039999999999992 887 330 890 328 3.605551275463989 true
1 0 1.023999999999992 885 327 887 322 5.385164807134504 true
1 0 1.007999999999992 884 324 886 318 6.324555320336759 true
1 0 0.991999999999992 883 321 884 314 7.0710678118654755 true
1 0 0.975999999999992 882 318 882 310 8.0 true
1 0 0.959999999999992 880 315 881 307 8.06225774829855 true
1 0 0.943999999999992 879 313 878 303 10.04987562112089 true
1 0 0.9279999999999919 878 310 876 300 10.198039027185569 true
1 0 0.9119999999999919 876 307 874 295 12.165525060596439 true
1 0 0.8959999999999919 875 304 870 289 15.811388300841896 true
1 0 0.8799999999999919 873 301 868 285 16.76305461424021 true
1 0 0.8639999999999919 872 299 866 282 18.027756377319946 true
1 0 0.8479999999999919 870 296 863 279 18.384776310850235 true
1 0 0.8319999999999919 868 293 861 276 18.384776310850235 true
1 0 0.8159999999999918 867 291 858 274 19.235384061671343 true
1 0 0.7999999999999918 865 288 855 271 19.72308292331602 true
1 0 0.7839999999999918 863 285 853 270 18.027756377319946 true
1 0 0.7679999999999918 861 283 852 268 17.4928556845359 true
1 0 0.7519999999999918 859 280 850 266 16.64331697709324 true
1 0 0.7359999999999918 858 278 850 266 14.422205101855956 true
1 0 0.7199999999999918 856 275 849 266 11.40175425099138 true
1 0 0.7039999999999917 854 273 849 264 10.295630140987 true
1 0 0.6879999999999917 852 271 846 263 10.0 true
1 0 0.6719999999999917 850 268 846 263 6.4031242374328485 true
1 0 0.6559999999999917 847 266 845 262 4.47213595499958 true
1 0 0.6399999999999917 845 264 844 262 2.23606797749979 true
1 0 0.6239999999999917 843 261 842 261 1.0 true
1 0 0.6079999999999917 841 259 841 260 1.0 true
1 0 0.5919999999999916 839 257 838 259 2.23606797749979 true
1 0 0.5759999999999916 836 255 835 258 3.1622776601683795 true
1 0 0.5599999999999916 834 253 831 254 3.1622776601683795 true
1 0 0.5439999999999916 832 250 822 249 10.04987562112089 true
1 0 0.5279999999999916 829 248 814 246 15.132745950421556 true
1 0 0.5119999999999916 827 246 807 243 20.223748416156685 true
1 0 0.49599999999999156 825 244 803 242 22.090722034374522 true
1 0 0.47999999999999154 822 242 803 242 19.0 true
1 0 0.46399999999999153 820 241 803 242 17.029386365926403 true
1 0 0.4479999999999915 817 239 803 242 14.317821063276353 true
1 0 0.4319999999999915 815 237 802 241 13.601470508735444 true
1 0 0.4159999999999915 812 235 802 241 11.661903789690601 true
1 0 0.3999999999999915 809 233 800 239 10.816653826391969 true
1 0 0.38399999999999146 807 232 798 239 11.40175425099138 true
1 0 0.36799999999999145 804 230 797 238 10.63014581273465 true
1 0 0.35199999999999143 801 228 795 237 10.816653826391969 true
1 0 0.3359999999999914 799 227 794 236 10.295630140987 true
1 0 0.3199999999999914 796 225 793 234 9.486832980505138 true
1 0 0.3039999999999914 793 224 790 234 10.44030650891055 true
1 0 0.2879999999999914 790 222 788 233 11.180339887498949 true
1 0 0.27199999999999136 787 221 785 230 9.219544457292887 true
1 0 0.25599999999999135 785 220 780 229 10.295630140987 true
1 0 0.23999999999999133 782 218 774 227 12.041594578792296 true
1 0 0.22399999999999132 779 217 767 224 13.892443989449804 true
1 0 0.2079999999999913 776 216 762 222 15.231546211727817 true
1 0 0.1919999999999913 773 215 756 221 18.027756377319946 true
1 0 0.17599999999999127 770 213 750 220 21.18962010041709 true
1 0 0.15999999999999126 767 212 744 219 24.041630560342615 true
1 0 0.14399999999999125 764 211 741 218 24.041630560342615 true
1 0 0.12799999999999123 761 210 738 218 24.351591323771842 true
1 0 0.11199999999999123 758 209 734 218 25.632011235952593 true
1 0 0.09599999999999123 755 208 732 217 24.698178070456937 true
1 0 0.07999999999999123 752 208 726 217 27.51363298439521 true
1 0 0.06399999999999123 749 207 719 215 31.04834939252005 true
1 0 0.04799999999999123 746 206 710 213 36.6742416417845 true
1 0 0.03199999999999123 743 205 698 210 45.27692569068709 true
1 0 0.01599999999999123 740 205 694 210 46.2709412050371 true
